7.8796
7.8732
7.8643
7.8579
7.854
7.8566
7.8476
7.8476
7.8399
7.8335
7.8335
7.831
7.8246
7.8207
7.8092
7.8169
7.8117
7.8169
7.813
7.8194
7.8169
7.8143
7.8143
7.8156
7.813
7.813
7.8028
7.8079
7.8066
7.8284
7.8425
7.8668
7.8745
7.8796
7.8784
7.872
7.863
7.8515
7.8463
7.8412
7.8348
7.8322
7.8246
7.8233
7.8194
7.8092
7.8117
7.8066
7.8015
7.8002
7.7913
7.7887
7.7823
7.7797
7.7682
7.7669
7.7554
7.758
7.7451
7.7439
7.7413
7.7387
7.7349
7.7362
7.7298
7.7323
7.7298
7.7323
7.7323
7.7451
7.7631
7.7772
7.7887
7.7951
7.7887
7.7733
7.7656
7.7528
7.7477
7.7426
7.7349
7.7285
7.7272
7.7234
7.7208
7.717
7.7144
7.7131
7.708
7.7003
7.6978
7.6913
7.6926
7.6875
7.676
7.6824
7.676
7.6696
7.6683
7.6657
7.6657
7.6811
7.6875
7.7106
7.7285
7.7554
7.7772
7.7874
7.7938
7.7887
7.7797
7.7682
7.7554
7.7464
7.7362
7.7246
7.717
7.7106
7.708
7.7144
7.7144
7.717
7.7182
7.7131
7.7054
7.7042
7.6926
7.6901
7.6773
7.6747
7.6644
7.6632
7.6516
7.6504
7.6465
7.6478
7.6452
7.6401
7.6363
7.6388
7.6376
7.6311
7.6273
7.6286
7.6452
7.6837
7.7464
7.7964
7.8386
7.8566
7.8527
7.8399
7.8207
7.822
7.8937
8.0551
8.2472
8.4125
8.5226
8.7016
8.8015
8.8181
8.7913
8.7144
8.6183
8.5223
8.4493
8.3929
8.3532
8.3263
8.3007
8.2789
8.2533
8.2264
8.1956
8.1892
8.17
8.1662
8.1559
8.1534
8.1534
8.1572
8.1559
8.1483
8.1406
8.1278
8.1124
8.0983
8.097
8.1124
8.1508
8.1982
8.2277
8.2379
8.2341
8.2123
8.1905
8.1726
8.1611
8.1547
8.1457
8.1303
8.115
8.1175
8.1419
8.1918
8.2494
8.2879
8.3071
8.2956
8.2776
8.2494
8.2328
8.2213
8.2174
8.2123
8.2072
8.2149
8.2597
8.2994
8.3378
8.3494
8.3622
8.4185
8.53
8.6363
8.7106
8.7451
8.7772
8.8271
8.8899
8.9155
8.9078
8.8707
8.8143
8.7605
8.7118
8.6811
8.6619
8.6516
8.6375
8.6222
8.6171
8.6055
8.6363
8.7413
8.886
9.009
9.1277
9.152
9.1302
9.088
9.0534
9.0214
9.0355
9.1302
9.2122
9.2801
9.2929
9.2763
9.234
9.1892
9.1366
9.0982
9.0688
9.0303
9.0188
9.0111
9.0572
9.161
9.2852
9.3608
9.389
9.3915
9.4172
9.4889
9.622
9.7258
9.8782
10.064
10.361
10.517
10.643
10.662
10.625
10.499
10.328
10.198
10.102
10.079
10.1
10.124
10.122
10.129
10.187
10.26
10.3
10.303
10.273
10.224
10.16
10.115
10.095
10.078
10.063
10.046
10.042
10.063
10.059
10.051
10.045
10.045
10.04
10.033
10.027
10.02
10.011
10.005
9.9973
9.9935
10.077
10.461
11.043
11.56
11.98
12.197
12.253
12.179
11.978
11.794
11.623
11.456
11.351
11.257
11.202
11.161
11.12
11.087
11.061
11.051
11.029
11.009
10.996
10.97
10.957
10.949
10.952
10.94
10.948
10.992
11.067
11.13
11.161
11.163
11.139
11.107
11.081
11.062
11.041
11.025
11.013
10.998
10.992
10.98
10.971
10.967
10.949
10.933
10.919
10.904
10.898
10.881
10.87
10.874
10.997
11.262
11.524
11.732
11.809
11.794
11.711
11.611
11.507
11.426
11.358
11.306
11.266
11.234
11.207
11.184
11.164
11.148
11.133
11.118
11.104
11.098
11.091
11.078
11.081
11.073
11.069
11.056
11.051
11.042
11.054
11.057
11.077
11.07
11.064
11.054
11.041
11.022
11.008
11.055
11.23
11.503
11.699
11.785
11.807
11.761
11.672
11.58
11.502
11.431
11.376
11.337
11.306
11.293
11.284
11.265
11.257
11.244
11.225
11.205
11.2
11.191
11.184
11.183
11.175
11.171
11.162
11.151
11.132
11.119
11.106
11.101
11.083
11.077
11.064
11.06
11.043
11.041
11.036
11.057
11.088
11.116
11.123
11.12
11.105
11.089
11.077
11.143
11.296
11.471
11.583
11.617
11.598
11.54
11.467
11.383
11.316
11.269
11.225
11.193
11.164
11.147
11.124
11.097
11.083
11.109
11.187
11.33
11.54
11.772
11.927
11.976
11.997
11.924
11.819
11.705
11.619
11.557
11.486
11.428
11.387
11.355
11.315
11.284
11.256
11.239
11.224
11.209
11.198
11.18
11.169
11.146
11.142
11.128
11.125
11.141
11.16
11.166
11.162
11.159
11.139
11.115
11.102
11.084
11.064
11.043
11.033
11.014
11.006
10.992
10.983
10.972
10.956
10.944
10.934
10.927
10.908
10.906
10.967
11.121
11.325
11.485
11.595
11.608
11.557
11.463
11.374
11.297
11.227
11.179
11.146
11.106
11.083
11.055
11.043
11.027
11.027
11
10.988
11.005
11.16
11.401
11.644
11.758
11.786
11.747
11.658
11.542
11.497
11.63
11.882
12.089
12.327
12.409
12.386
12.282
12.145
11.987
11.851
11.751
11.743
11.798
11.851
11.857
11.825
11.756
11.687
11.609
11.546
11.496
11.45
11.416
11.428
11.471
11.51
11.519
11.507
11.479
11.429
11.376
11.347
11.305
11.279
11.248
11.23
11.203
11.192
11.205
11.275
11.362
11.425
11.449
11.443
11.403
11.347
11.288
11.239
11.206
11.17
11.143
11.13
11.173
11.27
11.361
11.416
11.431
11.402
11.341
11.291
11.236
11.191
11.168
11.142
11.128
11.101
11.093
11.075
11.065
11.06
11.051
11.033
11.023
11.013
11.004
10.997
10.991
10.982
10.967
10.954
10.944
10.925
10.912
10.906
10.898
10.894
10.886
10.883
10.876
10.865
10.857
10.84
10.845
10.837
10.822
10.816
10.815
10.807
10.803
10.816
10.812
10.82
10.812
10.811
10.796
10.781
10.771
10.761
10.76
10.761
10.76
10.746
10.743
10.737
10.725
10.721
10.708
10.707
10.701
10.699
10.694
10.679
10.67
10.673
10.656
10.651
10.646
10.642
10.638
10.626
10.626
10.616
10.615
10.603
10.598
10.593
10.582
10.575
10.562
10.564
10.559
10.606
10.699
10.821
10.906
10.959
10.98
10.959
10.911
10.857
10.805
10.78
10.806
10.866
10.948
11.013
11.045
11.049
11.015
10.981
10.931
10.878
10.838
10.81
10.775
10.755
10.729
10.717
10.697
10.685
10.67
10.655
10.661
10.652
10.632
10.626
10.616
10.607
10.6
10.607
10.667
10.813
10.967
11.111
11.185
11.2
11.152
11.089
11.016
10.959
10.911
10.86
10.825
10.788
10.776
10.753
10.742
10.721
10.702
10.687
10.667
10.643
10.628
10.617
10.603
10.6
10.58
10.579
10.584
10.56
10.546
10.543
10.539
10.536
10.533
10.534
10.533
10.527
10.52
10.497
10.486
10.473
10.464
10.457
10.449
10.434
10.423
10.411
10.402
10.393
10.383
10.374
10.36
10.36
10.346
10.341
10.335
10.333
10.323
10.319
10.319
10.301
10.296
10.287
10.279
10.269
10.269
10.25
10.246
10.233
10.229
10.214
10.219
10.206
10.197
10.187
10.182
10.173
10.173
10.157
10.156
10.143
10.134
10.123
10.128
10.111
10.104
10.092
10.092
10.084
10.079
10.069
10.063
10.051
10.047
10.041
10.038
10.02
10.015
10.009
10.004
9.9973
9.9935
9.9845
9.9807
9.9743
9.9675
9.9599
9.9573
9.9509
9.9483
9.9419
9.9304
9.9304
9.924
9.9201
9.9099
9.9035
9.8958
9.8894
9.8792
9.8728
9.8638
9.8548
9.8523
9.8523
9.8395
9.8369
9.8279
9.8292
9.8164
9.8087
9.8049
9.8062
9.8164
9.8484
9.8638
9.8766
9.8766
9.8702
9.8574
9.8497
9.8305
9.8254
9.8202
9.8126
9.8074
9.7946
9.7946
9.778
9.7831
9.7639
9.7652
9.76
9.7498
9.7395
9.7331
9.7191
9.7139
9.7114
9.6986
9.696
9.6883
9.6781
9.6691
9.6563
9.6537
9.646
9.6371
9.6281
9.6268
9.6179
9.6153
9.6051
9.5961
9.5871
9.5833
9.5756
9.5705
9.5666
9.5589
9.5551
9.5487
9.5487
9.5436
9.5436
9.541
9.5423
9.5372
9.5397
9.5295
9.5231
9.5205
9.5103
9.5039
9.4987
9.4923
9.4898
9.4808
9.4795
9.4744
9.4885
9.5244
9.5974
9.6589
9.7139
9.7395
9.7498
9.7331
9.7126
9.6819
9.6653
9.6512
9.6524
9.6512
9.6524
9.6435
9.6371
