9.6371
9.6396
9.6268
9.6153
9.5948
9.4321
9.5657
9.6272
9.631
9.6387
9.6515
9.672
9.6861
9.6848
9.6861
9.6733
9.6707
9.7079
9.777
9.8436
9.8833
9.9102
9.9628
10.111
10.254
10.352
10.386
10.375
10.304
10.234
10.157
10.096
10.042
10.005
9.9714
9.9445
9.924
9.8997
9.883
9.8676
9.842
9.8228
9.8087
9.7946
9.7805
9.769
9.7588
9.7472
9.7664
9.8561
9.9752
10.097
10.161
10.189
10.175
10.125
10.066
10.009
9.9586
9.9214
9.8856
9.8523
9.8228
9.801
9.7793
9.7511
9.6781
9.4014
9.6105
9.6156
9.6374
9.6515
9.6502
9.6528
9.6489
9.6336
9.6233
9.6233
9.6054
9.6054
9.6003
9.5952
9.5862
9.5759
9.5772
9.5631
9.5593
9.5478
9.5452
9.5311
9.5324
9.5234
9.5183
9.5042
9.5055
9.4978
9.485
9.3403
9.4286
9.4683
9.4683
9.4632
9.4555
9.453
9.4543
9.4568
9.4927
9.5439
9.5977
9.6323
9.6515
9.6489
9.6272
9.599
9.5772
9.5529
9.5362
9.5247
9.5093
9.4952
9.4876
9.4773
9.4735
9.4632
9.4568
9.4466
9.435
9.4274
9.4222
9.4107
9.4094
9.4056
9.3966
9.3851
9.3825
9.3723
9.3723
9.3684
9.3646
9.3659
9.3595
9.3531
9.3543
9.3428
9.3351
9.3339
9.3313
9.3287
9.3236
9.3287
9.3339
9.3351
9.3364
9.3287
9.3223
9.3146
9.2993
9.2929
9.289
9.3223
9.3556
9.3902
9.3736
9.2532
9.3556
9.3851
9.38
9.3748
9.3569
9.3454
9.339
9.3287
9.3236
9.3121
9.3134
9.3031
9.2954
9.2865
9.2762
9.2698
9.2634
9.2634
9.2557
9.257
9.2506
9.2378
9.1737
9.0943
9.2083
9.2301
9.2263
9.2263
9.216
9.2083
9.2058
9.193
9.193
9.1814
9.1789
9.1789
9.1699
9.1737
9.1673
9.1597
9.1571
9.1597
9.1545
9.1545
9.1545
9.175
9.2147
9.2557
9.2839
9.2993
9.2967
9.289
9.2685
9.2583
9.248
9.2301
9.2147
9.2096
9.2045
9.1942
9.1878
9.1853
9.1866
9.2314
9.2916
9.3595
9.4069
9.4363
9.4299
9.4107
9.3825
9.3531
9.3198
9.3018
9.2852
9.2685
9.2557
9.2404
9.2339
9.2314
9.2135
9.2109
9.207
9.2275
9.2865
9.38
9.4491
9.4991
9.5145
9.5068
9.4607
9.3415
9.3031
9.2685
9.3864
9.3723
9.3582
9.3454
9.3351
9.3198
9.3057
9.2903
9.2775
9.2711
9.2557
9.2493
9.2429
9.2455
9.2301
9.2327
9.2275
9.216
9.1968
9.0854
9.1199
9.1673
9.1648
9.1571
9.1456
9.134
9.1276
9.1187
9.1046
9.0969
9.0931
9.0854
9.0751
9.0726
9.0649
9.0597
9.0572
9.0495
9.0457
9.0469
9.0393
9.0328
9.0213
9.0188
9.0111
9.0047
8.9995
8.9931
8.9931
8.9803
8.9726
8.9675
8.9701
8.9612
8.9548
8.9484
8.9458
8.9458
8.9458
8.9407
8.9407
8.9343
8.9343
8.9227
8.9176
8.9125
8.9099
8.9074
8.8997
8.8946
8.8958
8.8843
8.8805
8.8792
8.8766
8.8574
8.8651
8.8549
8.8587
8.8536
8.8523
8.8549
8.8677
8.8523
8.3873
8.7964
8.845
8.8399
8.8322
8.8246
8.8258
8.8258
8.8258
8.8258
8.8156
8.8143
8.8105
8.8105
8.8079
8.8066
8.8028
8.8066
8.7951
8.7938
8.7861
8.7784
8.7733
8.7682
8.7669
8.7631
8.7528
8.7413
8.7336
8.7259
8.7182
8.7118
8.7003
8.6977
8.6939
8.6901
8.6862
8.6798
8.6734
8.6683
8.6657
8.6632
8.6555
8.6504
8.644
8.6401
8.6375
8.6414
8.6708
8.7118
8.7592
8.7925
8.8053
8.8092
8.8002
8.7848
8.7631
8.7541
8.7451
8.7362
8.7362
8.7797
8.8707
8.9808
9.1469
9.2711
9.3416
9.3544
9.3416
9.3134
9.2724
9.2417
9.2212
9.2033
9.202
9.2058
9.1968
9.1892
9.1674
9.1418
9.1149
9.1021
9.1418
9.2711
9.4108
9.526
9.6349
9.6592
9.6297
9.5683
9.5055
9.444
9.3877
9.3467
9.3479
9.3543
9.3492
9.3467
9.321
9.2954
9.2698
9.2493
9.2288
9.2122
9.207
9.193
9.1814
9.1725
9.1635
9.1609
9.1737
9.1981
9.2147
9.225
9.2224
9.2058
9.1942
9.1737
9.1545
9.1379
9.1212
9.1097
9.0969
9.0905
9.0815
9.0738
9.07
9.0559
9.0533
9.0444
9.0393
9.0367
9.0277
9.0188
9.0111
9.0072
9.0021
9.0008
8.9893
8.9867
8.9791
8.9778
8.9765
8.9714
8.9662
8.9676
8.9599
8.9573
8.9484
8.9522
8.9535
8.9356
8.942
8.9381
8.933
8.9266
8.9202
8.9202
8.9099
8.9112
8.9304
8.9663
9.0137
9.0572
9.0829
9.0957
9.0854
9.0726
9.0521
9.038
9.0162
9.0098
8.9945
8.9829
8.9753
8.9676
8.9599
8.9484
8.942
8.9471
8.9407
8.9548
8.9689
8.9778
8.9855
8.9868
8.9829
8.9791
8.9663
8.956
8.9458
8.9394
8.9317
8.9279
8.9176
8.9112
8.9074
8.9074
8.8971
8.8958
8.8933
8.8869
8.8971
8.9215
8.965
8.9919
9.015
9.0188
9.0111
8.9906
8.9753
8.9586
8.9471
8.9291
8.9215
8.9151
8.9035
8.8958
8.892
8.8882
8.8779
8.8741
8.8689
8.8651
8.86
8.851
8.8536
8.8485
8.8459
8.8408
8.8382
8.8267
8.8344
8.8318
8.8228
8.819
8.8126
8.8126
8.8049
8.8049
8.7985
8.7895
8.787
8.7882
8.7793
8.778
8.7716
8.7729
8.7678
8.7639
8.7601
8.7537
8.7498
8.7473
8.7447
8.7447
8.737
8.7332
8.7293
8.7306
8.7242
8.7216
8.7165
8.7114
8.7088
8.7037
8.714
8.737
8.7575
8.7729
8.7818
8.7793
8.7754
8.7652
8.7498
8.7383
8.7319
8.7216
8.7101
8.7076
8.7037
8.6999
8.6909
8.6858
8.6768
8.6704
8.6691
8.6576
8.6525
8.6474
8.6614
8.655
8.6538
8.6486
8.6538
8.6512
8.6371
8.6294
8.6179
8.6128
8.6141
8.6025
8.6064
8.5974
8.5923
8.5897
8.5961
8.5884
8.5872
8.5833
8.5795
8.5743
8.5833
8.5782
8.5705
8.5692
8.5615
8.5577
8.5551
8.5513
8.55
8.5449
8.5385
8.5385
8.5321
8.5346
8.5308
8.5334
8.5244
8.5231
8.5167
8.5141
8.509
8.5077
8.5077
8.5026
8.5026
8.4962
8.4898
8.4885
8.486
8.4924
8.5257
8.6064
8.6819
8.746
8.7882
8.8062
8.7908
8.7703
8.7383
8.705
8.6794
8.6576
8.6397
8.6294
8.6153
8.6025
8.5923
8.5884
8.5808
8.5718
8.5641
8.5564
8.5487
8.541
8.5346
8.5334
8.5308
8.5257
8.5231
8.5141
8.5077
8.5039
8.5039
8.4949
8.4911
8.486
8.4808
8.4732
8.4719
8.4629
8.4629
8.4539
8.4539
8.4488
8.4424
8.4467
8.4429
8.4365
8.4339
8.4236
8.4365
8.4262
8.4211
8.4172
8.4185
8.4096
8.407
8.4031
8.4031
8.3955
8.3955
8.3891
8.3839
8.3763
8.3775
8.375
8.3686
8.3647
8.3698
8.3647
8.3609
8.3622
8.3583
8.3506
8.3442
8.3429
8.3391
8.3365
8.325
8.325
8.3199
8.3122
8.3186
8.3122
8.3096
8.3058
8.3058
8.2981
8.2943
8.2904
8.2879
8.2853
8.2789
8.2776
8.2789
8.2738
8.2699
8.2687
8.2623
8.261
8.2584
8.252
8.2571
8.2482
8.2418
8.2392
8.2405
8.2354
8.229
8.2277
8.2238
8.2187
8.2174
8.2174
8.2136
8.2072
8.2046
8.2046
8.1982
8.2008
8.1982
8.1918
8.1892
8.2008
8.1956
8.1982
8.2021
8.1969
8.1905
8.1841
8.1918
8.1816
8.1777
8.1739
8.1687
8.1726
8.1623
8.1636
8.1585
8.1598
8.1559
8.1495
8.1495
8.1457
8.1354
8.1393
8.1329
8.1278
8.1239
8.1265
8.1252
8.1201
8.1111
8.1137
8.1098
8.1098
8.106
8.1034
8.1009
8.1009
8.0957
8.0932
8.0932
8.0919
8.0881
8.0817
8.0791
8.0727
8.0765
8.0727
8.0688
8.0624
8.0624
8.0573
8.0573
8.0548
8.0509
8.0458
8.0483
8.0471
8.0483
8.0483
8.0471
8.0419
8.0419
8.0407
8.0355
8.0368
8.033
8.0291
8.0291
8.0381
8.0458
8.0663
8.0945
8.1137
8.1239
8.1265
8.1278
8.1175
8.106
8.1009
8.0881
8.0817
8.0791
8.1098
8.1713
8.2533
8.325
8.3673
8.3967
8.3891
8.3596
8.3276
8.302
8.2725
8.2571
8.2558
8.2597
8.2571
8.2571
8.2443
8.2366
8.2213
8.211
8.1969
8.188
8.1803
8.1739
8.1598
8.1547
8.1457
8.1431
8.1367
8.1342
8.1265
8.1226
8.115
8.1085
8.1073
8.1047
8.1073
8.1111
8.1137
8.1175
8.1188
8.1188
8.1111
8.0996
8.0957
8.0893
8.0829
8.0765
8.0701
8.0637
8.0624
8.0548
8.0573
8.0573
8.0535
8.0471
8.0445
8.0343
8.033
8.0266
8.0253
8.0163
8.0138
8.0112
8.0125
8.0099
8.0022
7.9958
8.001
7.9933
7.992
7.9843
