5.7938
5.8002
5.7964
5.7951
5.8028
5.8002
5.7951
5.799
5.7938
5.7926
5.7926
5.7977
5.7964
5.7926
5.7849
5.7862
5.7913
5.7938
5.79
5.7938
5.799
5.8028
5.7938
5.799
5.8002
5.799
5.7913
5.8041
5.8028
5.8054
5.8028
5.8015
5.8028
5.8028
5.7977
5.8015
5.8015
5.8054
5.8143
5.8028
5.8118
5.8028
5.8092
5.8092
5.8054
5.8054
5.8105
5.8028
5.8118
5.8002
5.8131
5.8054
5.8066
5.8015
5.8066
5.8028
5.8041
5.8105
5.8092
5.8195
5.8195
5.8195
5.8092
5.8105
5.8092
5.8105
5.8118
5.8131
5.8169
5.8182
5.8131
5.8156
5.8156
5.8182
5.8169
5.8169
5.8233
5.8182
5.8195
5.8195
5.8169
5.8169
5.8143
5.8169
5.8169
5.8195
5.8182
5.8207
5.8182
5.8233
5.8182
5.822
5.8143
5.8182
5.8131
5.8182
5.8259
5.8207
5.8169
5.822
5.8169
5.8195
5.8195
5.8195
5.8143
5.8182
5.8156
5.8195
5.8284
5.8233
5.8335
5.8246
5.8169
5.8182
5.8143
5.8143
5.8105
5.8195
5.8131
5.8118
5.8182
5.8169
5.8156
5.8131
5.8131
5.8079
5.8259
5.8182
5.8118
5.8207
5.8131
5.8195
5.8131
5.8118
5.822
5.8207
5.8131
5.8131
5.8105
5.8323
5.8348
5.8246
5.8207
5.8143
5.8169
5.8131
5.8015
5.8092
5.8105
5.8079
5.8118
5.8131
5.8143
5.8195
5.8066
5.8092
5.8143
5.8207
5.8131
5.8131
5.8131
5.8131
5.8092
5.8079
5.8118
5.8169
5.822
5.8143
5.8143
5.8118
5.8207
5.8143
5.8143
5.8131
5.8169
5.8246
5.8169
5.8131
5.8143
5.8131
5.8131
5.8195
5.8079
5.8092
5.8092
5.8105
5.8131
5.8156
5.8131
5.8131
5.8105
5.8156
5.822
5.822
5.8169
5.822
5.8195
5.8182
5.8297
5.831
5.822
5.8207
5.8156
5.8169
5.8156
5.8195
5.8156
5.8182
5.8233
5.8143
5.8054
5.8105
5.8105
5.8156
5.8066
5.8207
5.8182
5.8182
5.8105
5.8387
5.8335
5.8271
5.822
5.8233
5.8233
5.8182
5.8131
5.8182
5.822
5.8297
5.8323
5.8233
5.822
5.822
5.822
5.8182
5.8182
5.8156
5.8143
5.8207
5.8105
5.8131
5.8169
5.822
5.8169
5.8156
5.8156
5.8195
5.8259
5.822
5.8207
5.8207
5.8233
5.8271
5.8169
5.8195
5.8156
5.8143
5.8118
5.8143
5.8131
5.8118
5.8182
5.8207
5.8195
5.8156
5.822
5.8233
5.8156
5.8079
5.8015
5.8105
5.8131
5.8105
5.8028
5.8079
5.8118
5.8131
5.8079
5.8118
5.8118
5.8118
5.822
5.8246
5.8284
5.8271
5.8297
5.822
5.8323
5.8246
5.8182
5.8233
5.822
5.8207
5.8233
5.8233
5.8271
5.8207
5.8182
5.8361
5.8412
5.8335
5.8284
5.831
5.8271
5.831
5.831
5.8323
5.831
5.831
5.8284
5.8246
5.8271
5.8246
5.8412
5.8387
5.822
5.8271
5.8195
5.8233
5.8233
5.8259
5.8207
5.822
5.8143
5.8131
5.8054
5.8195
5.8195
5.8284
5.8246
5.822
5.8297
5.8259
5.8131
5.8118
5.8156
5.8156
5.8079
5.8195
5.8195
5.8105
5.8233
5.8246
5.8207
5.8233
5.8271
5.8169
5.8246
5.8169
5.8169
5.8207
5.8105
5.8105
5.8066
5.8118
5.8105
5.8092
5.8092
5.8092
5.8131
5.8156
5.8143
5.822
5.8118
5.8143
5.8169
5.8143
5.8118
5.8156
5.8131
5.8182
5.8233
5.8182
5.8195
5.8207
5.8297
5.8156
5.8143
5.8284
5.8387
5.8297
5.822
5.8233
5.8271
5.8259
5.8207
5.8143
5.8207
5.8182
5.8156
5.8207
5.8182
5.8207
5.8143
5.8207
5.8233
5.822
5.8156
5.8271
5.822
5.8259
5.8323
5.822
5.8246
5.8195
5.8297
5.822
5.8297
5.8335
5.8246
5.8297
5.8271
5.822
5.8233
5.8207
5.8335
5.8335
5.8207
5.822
5.822
5.8259
5.8259
5.8246
5.8246
5.822
5.8182
5.8246
5.8323
5.8271
5.84
5.8387
5.8297
5.8361
5.8246
5.8271
5.8259
5.8374
5.8284
5.8374
5.8335
5.831
5.8297
5.8195
5.8207
5.8207
5.8259
5.8246
5.8297
5.8323
5.8284
5.8259
5.8259
5.822
5.831
5.8323
5.8284
5.8271
5.831
5.8348
5.8412
5.8387
5.831
5.8361
5.8284
5.8284
5.8259
5.8233
5.8259
5.8246
5.8259
5.831
5.8361
5.8271
5.8271
5.8233
5.8233
5.8195
5.8182
5.8182
5.8156
5.8195
5.8169
5.8195
5.8195
5.822
5.8323
5.8284
5.822
5.8233
5.8195
5.8246
5.8182
5.8195
5.8118
5.8259
5.8169
5.8169
5.8169
5.8156
5.8118
5.8143
5.8207
5.8092
5.8131
5.822
5.8041
5.8131
5.8118
5.8143
5.8066
5.8092
5.8131
5.8156
5.8169
5.8131
5.8131
5.8118
5.8092
5.8118
5.8131
5.8169
5.8246
5.8156
5.8207
5.8092
5.8195
5.8195
5.8118
5.8092
5.8105
5.8079
5.8118
5.8131
5.8079
5.8105
5.8079
5.8066
5.8028
5.8207
5.822
5.8207
5.8143
5.8131
5.8169
5.8195
5.8092
5.8143
5.8105
5.8169
5.8092
5.8131
5.8143
5.8092
5.8079
5.8028
5.8079
5.8092
5.8105
5.8105
5.8143
5.8118
5.8092
5.8079
5.8105
5.8156
5.8207
5.8092
5.8169
5.8156
5.8207
5.8195
5.8207
5.8195
5.8118
5.8066
5.8028
5.8066
5.8092
5.8105
5.8079
5.8092
5.8092
5.8131
5.8092
5.8118
5.8066
5.8118
5.8054
5.8156
5.8079
5.8156
5.8079
5.8169
5.8092
5.8118
5.8079
5.799
5.7938
5.7977
5.7938
5.7836
5.7644
5.7682
5.7618
5.7644
5.7759
5.7823
5.7733
5.7682
5.7785
5.7721
5.7657
5.7721
5.7657
5.7746
5.7605
5.7618
5.7605
5.7721
5.7772
5.7695
5.7682
5.7708
5.7721
5.7669
5.7797
5.7682
5.7657
5.7682
5.7631
5.7631
5.758
5.7631
5.7593
5.7541
5.7567
5.7644
5.7631
5.7644
5.7746
5.7644
5.7631
5.7605
5.7618
5.7644
5.7721
5.7631
5.7708
5.7605
5.7605
5.7593
5.7593
5.7567
5.7605
5.7631
5.7593
5.7593
5.7541
5.7554
5.7541
5.7529
5.7541
5.7554
5.7593
5.7644
5.7567
5.758
5.7529
5.7529
5.7516
5.7529
5.7529
5.7516
5.7464
5.7464
5.7477
5.7516
5.7426
5.7464
5.7567
5.7567
5.7631
5.7529
5.7503
5.749
5.749
5.7452
5.7452
5.7464
5.7464
5.7503
5.7541
5.7554
5.7529
5.7554
5.749
5.7503
5.7503
5.7618
5.7682
5.7618
5.7516
5.7593
5.7593
5.7605
5.7541
5.7529
5.7567
5.7529
5.7516
5.7452
5.7503
5.7541
5.7426
5.7452
5.7477
5.749
5.7375
5.74
5.7464
5.7439
5.7388
5.7439
5.7541
5.7503
5.758
5.7477
5.7477
5.7452
5.7439
5.74
5.7413
5.7452
5.7426
5.74
5.7464
5.7413
5.7426
5.7426
5.7439
5.7413
5.74
5.7439
5.74
5.7426
5.7426
5.7426
5.7464
5.7541
5.7464
5.7516
5.7529
5.7516
5.7464
5.7477
5.7439
5.7426
5.74
5.7426
5.7452
5.749
5.7439
5.7426
5.7452
5.7464
5.7413
5.7426
5.7439
5.7503
5.7362
5.7452
5.7516
5.7503
5.7541
5.7426
5.7439
5.7413
5.7452
5.7554
5.7657
5.7567
5.7554
5.7541
5.7593
5.7503
5.7503
5.7477
5.7452
5.7464
5.7439
5.7426
5.7413
5.7477
5.7388
5.7362
5.7413
5.7362
5.7362
5.7311
5.7285
5.7285
5.7311
5.7324
5.7285
5.726
5.7195
5.7234
5.7234
5.7247
5.7324
5.7298
5.7311
5.7349
5.7413
5.7324
5.7324
5.7298
5.7336
5.726
5.7324
5.7247
5.7285
5.726
5.7272
5.7247
5.7272
5.7221
5.7247
5.726
5.726
5.7272
5.7234
5.7272
5.726
5.7324
5.7221
5.726
5.7234
5.7285
5.7285
5.7272
5.7247
5.7208
5.7234
5.7247
5.7298
5.7234
5.7221
5.7221
5.7247
5.7221
5.7208
5.7272
5.7298
5.7324
5.7247
5.7247
5.726
5.7336
5.7375
5.7388
5.7324
5.7285
5.7272
5.7311
5.7272
5.7298
5.7362
5.7311
5.7413
5.7375
5.7285
5.7311
5.7336
5.7298
5.7247
5.7272
5.7208
5.7336
5.7234
5.7221
5.726
5.717
5.7157
5.7144
5.7093
5.7195
5.7183
5.7131
5.7221
5.7106
5.7119
5.708
5.7119
5.7093
5.7042
5.7029
5.7029
5.7042
5.7042
5.7067
5.7055
5.7067
5.7042
5.7144
5.7067
5.7055
5.6991
5.7106
5.7093
5.7055
5.708
5.7055
5.7055
5.7003
5.7067
5.7016
5.6914
5.6914
5.6952
5.7029
5.6901
5.7003
5.6952
5.6927
5.7016
5.6927
5.6978
5.6901
5.6914
5.6914
5.6965
5.6888
5.6901
5.6875
5.6862
5.7016
5.6888
5.6991
5.7029
5.7003
5.6927
5.6914
5.6862
5.6901
5.6824
5.6901
5.6824
5.6862
5.6786
5.6888
5.6837
5.6824
5.6773
5.6798
5.6798
5.6939
5.6747
5.6862
5.6786
