5.6824
5.6875
5.6927
5.6914
5.7977
5.7298
5.7016
5.7055
5.6875
5.6875
5.6875
5.6773
5.6811
5.6747
5.6658
5.6747
5.6632
5.667
5.6632
5.6593
5.6632
5.6581
5.6581
5.6645
5.6645
5.6581
5.6645
5.6568
5.6645
5.6593
5.6542
5.6504
5.6606
5.6606
5.6478
5.6504
5.6593
5.6453
5.6581
5.6555
5.6517
5.6593
5.6529
5.6529
5.6491
5.6491
5.6465
5.6465
5.6453
5.6414
5.644
5.6427
5.6453
5.6542
5.6401
5.6414
5.6414
5.6414
5.6529
5.6658
5.6581
5.6619
5.6517
5.6517
5.6491
5.6478
5.6478
5.6491
5.6978
5.7631
5.6939
5.6773
5.6798
5.6709
5.667
5.6542
5.6593
5.6568
5.6504
5.6414
5.6427
5.6401
5.6465
5.6504
5.6401
5.6811
5.8246
5.7157
5.6927
5.6811
5.676
5.6773
5.6722
5.6606
5.6645
5.6645
5.6581
5.6632
5.6491
5.6478
5.6427
5.6376
5.6401
5.6376
5.6389
5.6337
5.6363
5.6401
5.6337
5.6312
5.6312
5.626
5.6363
5.6273
5.6299
5.6325
5.6376
5.6286
5.6273
5.6248
5.6209
5.6171
5.6286
5.6196
5.6209
5.626
5.6209
5.6286
5.6286
5.635
5.6325
5.6337
5.626
5.6337
5.626
5.6337
5.6273
5.626
5.6337
5.6389
5.6337
5.6299
5.6299
5.6248
5.6235
5.6248
5.6286
5.6299
5.635
5.626
5.6286
5.6376
5.7695
5.6773
5.6683
5.6606
5.6529
5.6478
5.6478
5.6504
5.6414
5.6299
5.6427
5.6209
5.6273
5.6196
5.6209
5.6248
5.7157
5.7003
5.6606
5.6619
5.6542
5.6491
5.644
5.6414
5.6376
5.6337
5.6273
5.626
5.6209
5.6273
5.6222
5.6184
5.6222
5.6222
5.6209
5.6184
5.6209
5.6171
5.6196
5.6196
5.6145
5.6145
5.6158
5.6222
5.6222
5.6145
5.6145
5.6132
5.6068
5.6068
5.6094
5.6081
5.6081
5.5966
5.603
5.6004
5.5991
5.5902
5.5979
5.6017
5.6056
5.5979
5.6081
5.6107
5.6107
5.6043
5.6196
5.6209
5.6132
5.612
5.6094
5.6081
5.6132
5.6094
5.612
5.6158
5.6235
5.7055
5.6414
5.6312
5.6196
5.6209
5.6145
5.612
5.6094
5.6056
5.6184
5.6081
5.6248
5.6094
5.6004
5.6017
5.603
5.5927
5.7567
5.6517
5.635
5.6235
5.6184
5.6107
5.6081
5.6004
5.6043
5.5991
5.6043
5.5979
5.5991
5.6004
5.6107
5.6132
5.6017
5.5991
5.5991
5.6081
5.5991
5.5991
5.5966
5.5991
5.5966
5.5966
5.5966
5.5915
5.5966
5.594
5.5927
5.5889
5.594
5.5927
5.5902
5.5902
5.5966
5.5915
5.5915
5.5876
5.5876
5.5876
5.5876
5.5863
5.5953
5.5876
5.5979
5.5915
5.5953
5.5851
5.5825
5.5787
5.5812
5.5915
5.5966
5.5902
5.5991
5.6158
5.6414
4.9907
5.5261
5.6568
5.6427
5.626
5.6299
5.6209
5.6158
5.6184
5.6171
5.6235
5.6068
5.6081
5.6081
5.6004
5.5927
5.5953
5.5927
5.5902
5.594
5.5927
5.5876
5.5966
5.6017
5.5863
5.5838
5.5825
5.5851
5.5953
5.5902
5.5812
5.5863
5.5787
5.5851
5.5799
5.5787
5.5684
5.571
5.5697
5.5748
5.5722
5.5697
5.5697
5.5684
5.5735
5.5671
5.5684
5.5633
5.5633
5.5569
5.5607
5.5658
5.562
5.562
5.5582
5.5569
5.5556
5.5569
5.5556
5.553
5.5505
5.5607
5.5543
5.5518
5.5505
5.5556
5.553
5.5633
5.562
5.5556
5.5518
5.5466
5.5415
5.5543
5.5633
5.5697
5.5582
5.5582
5.5582
5.562
5.5646
5.5633
5.5594
5.5543
5.553
5.553
5.5607
5.5543
5.5492
5.5518
5.5492
5.5505
5.5505
5.5556
5.5569
5.5582
5.553
5.5569
5.562
5.5543
5.5556
5.5556
5.5543
5.5582
5.562
5.5594
5.5543
5.5569
5.5594
5.5582
5.5594
5.5582
5.5505
5.5518
5.5543
5.5543
5.5466
5.5492
5.5569
5.5594
5.5646
5.5556
5.5543
5.562
5.5569
5.5569
5.553
5.5569
5.5607
5.5607
5.5658
5.5633
5.5582
5.5569
5.5569
5.5569
5.5697
5.5633
5.562
5.5684
5.5671
5.5722
5.562
5.5633
5.5684
5.5582
5.562
5.571
5.5633
5.5607
5.5633
5.5633
5.5518
5.5735
5.5876
5.571
5.5812
5.571
5.5697
5.5671
5.5646
5.562
5.571
5.5658
5.5646
5.5684
5.5658
5.5658
5.5646
5.5658
5.571
5.5607
5.562
5.5607
5.5671
5.5658
5.5633
5.5658
5.5633
5.5633
5.562
5.5594
5.562
5.571
5.5607
5.5671
5.5646
5.5646
5.5569
5.562
5.5607
5.5607
5.5633
5.5658
5.5646
5.5607
5.571
5.5607
5.5735
5.5633
5.5633
5.5582
5.5607
5.5607
5.5569
5.562
5.5658
5.5658
5.5658
5.5646
5.5697
5.5684
5.5671
5.562
5.5671
5.5697
5.5633
5.5658
5.5697
5.5735
5.5748
5.5684
5.5658
5.5697
5.5671
5.5671
5.5697
5.5658
5.5569
5.5697
5.5697
5.5684
5.562
5.5787
5.5774
5.5697
5.5799
5.5697
5.5697
5.5684
5.5684
5.5684
5.562
5.5787
5.5684
5.5658
5.5633
5.5646
5.562
5.5684
5.5646
5.5684
5.5671
5.5697
5.5722
5.5684
5.5671
5.5671
5.5658
5.5646
5.571
5.5671
5.5735
5.5722
5.5722
5.5658
5.5671
5.5735
5.5697
5.5684
5.5671
5.5646
5.5671
5.5748
5.5722
5.5761
5.5774
5.5799
5.5774
5.5748
5.5774
5.571
5.5697
5.5761
5.571
5.5684
5.5684
5.5684
5.5658
5.5658
5.5633
5.5646
5.5646
5.571
5.571
5.5774
5.5671
5.5774
5.5684
5.5697
5.5658
5.5646
5.571
5.5684
5.5633
5.5671
5.5697
5.5748
5.5774
5.5774
5.5697
5.5658
5.5684
5.5774
5.5863
5.5851
5.5825
5.5851
5.5927
5.5787
5.5761
5.5812
5.5838
5.5774
5.5774
5.5825
5.5838
5.5851
5.5812
5.5825
5.5812
5.5787
5.5722
5.5787
5.5748
5.5748
5.5851
5.5761
5.5799
5.5825
5.5812
5.5761
5.5812
5.5774
5.5735
5.5787
5.5761
5.5825
5.5825
5.5812
5.5876
5.5838
5.5825
5.5851
5.5812
5.5799
5.5799
5.5812
5.5863
5.5825
5.5761
5.5876
5.5851
5.5915
5.5889
5.5838
5.5825
5.5812
5.5825
5.5825
5.5825
5.5799
5.5838
5.5812
5.5825
5.5838
5.5838
5.5902
5.5812
5.5863
5.5838
5.5851
5.5825
5.594
5.5838
5.5889
5.5902
5.5889
5.5825
5.5889
5.5889
5.5863
5.5966
5.5991
5.6145
5.6004
5.5979
5.5991
5.5991
5.5991
5.5953
5.5966
5.5953
5.6004
5.594
5.6043
5.5966
5.594
5.5889
5.5915
5.5889
5.5838
5.5812
5.5902
5.5902
5.5915
5.594
5.5915
5.5966
5.5991
5.6004
5.5927
5.5966
5.5915
5.5851
5.5915
5.5889
5.5953
5.5915
5.5915
5.5966
5.6004
5.5915
5.5927
5.5915
5.5889
5.5889
5.5927
5.5851
5.5902
5.5825
5.5863
5.5953
5.5902
5.6004
5.5915
5.5927
5.5966
5.5927
5.5979
5.5902
5.5979
5.5953
5.5915
5.5915
5.594
5.5889
5.5991
5.5915
5.5927
5.5902
5.5889
5.5838
5.5851
5.5863
5.5838
5.5863
5.5863
5.5799
5.5825
5.5838
5.5889
5.5927
5.5966
5.612
5.5991
5.6043
5.5966
5.5915
5.594
5.5915
5.5876
5.5966
5.5953
5.5915
5.594
5.5927
5.5902
5.5889
5.6004
5.5953
5.5966
5.594
5.6004
5.5927
5.5927
5.5838
5.5889
5.594
5.5876
5.5902
5.594
5.5927
5.5927
5.5979
5.5915
5.594
5.5915
5.5927
5.5927
5.5902
5.5889
5.594
5.5966
5.5991
5.603
5.6094
5.6068
5.6056
5.6094
5.6017
5.5991
5.5966
5.5991
5.6004
5.5966
5.6043
5.6132
5.612
5.6043
5.612
5.6081
5.6056
5.603
5.6107
5.6017
5.603
5.603
5.6017
5.6043
5.5979
5.6004
5.5966
5.594
5.5927
5.5953
5.594
5.5966
5.5876
5.5966
5.5927
5.5902
5.6004
5.6043
5.6094
5.6017
5.603
5.5979
5.6094
5.6004
5.5991
5.5979
5.5953
5.6004
5.5927
5.5979
5.603
5.5979
5.594
5.5979
5.603
5.5991
5.5979
5.5953
5.5966
5.5953
5.5851
5.5991
5.5991
5.5915
5.5966
5.5979
5.5966
5.5927
5.5953
5.6017
5.5927
5.5889
5.5851
5.5915
5.6004
5.5966
5.5966
5.5979
5.5966
5.5991
5.5927
5.5915
5.5889
5.5902
5.5876
5.5902
5.5876
5.5889
5.5812
5.5966
5.5863
5.5863
5.5787
5.5851
5.5876
5.5851
5.5966
5.5838
5.594
5.5851
5.5902
5.5838
5.5812
5.5825
5.5838
5.5812
5.5838
5.5851
5.5889
5.5876
5.5876
5.5825
5.5799
5.5812
5.5863
5.5851
5.5812
5.5876
5.594
5.5915
5.5915
5.5863
5.5838
5.5799
5.5735
5.5774
5.5787
5.5748
5.5876
5.5863
5.5812
5.5889
5.5774
5.5812
5.5787
5.5799
5.5799
5.5825
5.5787
5.5799
