0.23312
0.23184
0.23184
0.22928
0.25361
0.23312
0.23312
0.23312
0.23312
0.23184
0.23696
0.23184
0.23184
0.23056
0.23056
0.23184
0.23312
0.23056
0.23184
0.23184
0.23184
0.23312
0.23184
0.23312
0.23184
0.23312
0.23184
0.23184
0.23312
0.23184
0.23312
0.23184
0.23056
0.23184
0.23184
0.23184
0.23184
0.23312
0.23184
0.23184
0.23184
0.23056
0.23184
0.23312
0.23312
0.23184
0.23312
0.23184
0.23184
0.23184
0.2344
0.23184
0.23312
0.23312
0.23184
0.23312
0.23056
0.23184
0.23312
0.23184
0.23056
0.22287
0.23184
0.23184
0.2344
0.23824
0.24208
0.22543
0.23184
0.2408
0.2408
0.23824
0.23696
0.23696
0.23568
0.23696
0.2344
0.23568
0.23568
0.2344
0.2344
0.2344
0.23568
0.2344
0.23568
0.2344
0.2344
0.24208
0.21006
0.23696
0.23696
0.23568
0.23568
0.2344
0.23568
0.23568
0.23568
0.23696
0.23568
0.23568
0.23312
0.2344
0.23312
0.23312
0.2344
0.23312
0.2344
0.23312
0.2344
0.23184
0.23184
0.23184
0.2344
0.23312
0.23312
0.2344
0.2344
0.2344
0.23312
0.2344
0.23312
0.2344
0.23312
0.23312
0.23312
0.23312
0.2344
0.23312
0.2344
0.23312
0.23568
0.23312
0.2344
0.23184
0.23312
0.23312
0.23184
0.23312
0.23184
0.23312
0.23312
0.22415
0.23056
0.23312
0.23056
0.23184
0.23184
0.23056
0.23312
0.23184
0.2344
0.23824
0.2408
0.23568
0.23312
0.23184
0.2344
0.23184
0.23184
0.23312
0.23312
0.2344
0.23184
0.23184
0.23184
0.23056
0.23184
0.23312
0.23184
0.23184
0.23312
0.23184
0.23952
0.2677
0.228
0.2344
0.23184
0.23184
0.23184
0.23184
0.2344
0.23056
0.23184
0.23312
0.23184
0.23184
0.23184
0.23312
0.23184
0.23184
0.23184
0.23184
0.2344
0.23312
0.2344
0.23184
0.2344
0.23184
0.23312
0.23312
0.23184
0.23312
0.23184
0.23312
0.23184
0.23312
0.23184
0.23312
0.23184
0.23056
0.23056
0.23056
0.23184
0.23184
0.23056
0.23184
0.23312
0.23312
0.23312
0.23184
0.2344
0.22287
0.23312
0.23184
0.23312
0.23184
0.23312
0.23184
0.2344
0.23184
0.23312
0.23312
0.23184
0.23184
0.23312
0.2344
0.23184
0.23312
0.23568
0.2344
0.2344
0.23184
0.23312
0.23312
0.23184
0.23184
0.23312
0.23184
0.23312
0.23312
0.23312
0.23312
0.23312
0.23184
0.23184
0.23312
0.23312
0.23184
0.23056
0.23312
0.2344
0.24593
0.23568
0.23696
0.23312
0.23184
0.23184
0.23056
0.23184
0.23056
0.23184
0.23312
0.23056
0.23056
0.23184
0.23184
0.23056
0.23184
0.23056
0.23056
0.23184
0.23056
0.23184
0.23056
0.23056
0.23056
0.23056
0.23056
0.23056
0.23184
0.23056
0.23184
0.23056
0.23184
0.23184
0.23056
0.22928
0.23056
0.23056
0.23056
0.23056
0.22159
0.22928
0.23056
0.23184
0.23056
0.23184
0.22928
0.23184
0.22928
0.23056
0.23056
0.23184
0.23056
0.23056
0.23312
0.23184
0.23056
0.23184
0.23312
0.23184
0.23056
0.23184
0.23184
0.23056
0.23184
0.23312
0.23312
0.24721
0.2677
0.25105
0.24721
0.23824
0.23824
0.23824
0.2344
0.23568
0.23568
0.2344
0.2344
0.2344
0.23312
0.2344
0.23312
0.23312
0.23312
0.2344
0.23312
0.2344
0.2344
0.23568
0.2344
0.23312
0.2344
0.23312
0.2344
0.23312
0.23312
0.2344
0.2344
0.23312
0.2344
0.2344
0.23184
0.23184
0.23184
0.23312
0.23184
0.23312
0.23312
0.23312
0.23312
0.23312
0.23312
0.23184
0.23184
0.23184
0.23184
0.23184
0.23184
0.23184
0.22287
0.23312
0.23312
0.23312
0.23184
0.23312
0.23312
0.23184
0.23312
0.23184
0.23184
0.23312
0.23312
0.23312
0.23312
0.23312
0.23184
0.23312
0.23184
0.2344
0.23184
0.2344
0.23184
0.23312
0.23184
0.23312
0.23184
0.23824
0.23312
0.23312
0.2344
0.23312
0.23568
0.23312
0.23312
0.2344
0.23312
0.2344
0.23184
0.2344
0.23312
0.2344
0.23312
0.23312
0.2344
0.23312
0.2344
0.23312
0.2344
0.23184
0.2344
0.23312
0.23312
0.23184
0.23312
0.2344
0.23184
0.2344
0.23184
0.2344
0.23184
0.23312
0.23312
0.23312
0.2344
0.23184
0.23312
0.23184
0.23312
0.23312
0.23312
0.23312
0.23184
0.23312
0.23184
0.23312
0.23184
0.2344
0.23312
0.23312
0.22415
0.23312
0.23312
0.23312
0.23312
0.23184
0.23312
0.23312
0.23184
0.23184
0.23184
0.23312
0.23184
0.23312
0.23184
0.23184
0.23312
0.23184
0.2344
0.23312
0.23184
0.23184
0.23312
0.23312
0.23184
0.23184
0.23184
0.2344
0.23184
0.23312
0.23312
0.23312
0.23312
0.23184
0.2344
0.23184
0.23312
0.23184
0.23312
0.23056
0.23184
0.23312
0.23184
0.23312
0.23184
0.23184
0.23312
0.23184
0.23184
0.2344
0.23184
0.23312
0.23312
0.23184
0.2344
0.23824
0.2344
0.23312
0.23312
0.23312
0.23312
0.2344
0.23312
0.2344
0.23312
0.2344
0.23824
0.2344
0.23312
0.23312
0.23312
0.23312
0.23312
0.23184
0.23312
0.23184
0.2344
0.23184
0.23184
0.23184
0.22287
0.23184
0.23184
0.23184
0.23184
0.23312
0.23184
0.2344
0.23952
0.23312
0.23312
0.23184
0.23312
0.23312
0.23312
0.23312
0.23312
0.2344
0.23312
0.23312
0.23312
0.23312
0.23312
0.23312
0.23312
0.23312
0.23312
0.23312
0.23184
0.2344
0.23312
0.23184
0.23312
0.23184
0.23312
0.23184
0.23312
0.23312
0.23312
0.23184
0.23312
0.23312
0.23312
0.23184
0.23184
0.23312
0.23184
0.23184
0.23184
0.23184
0.23312
0.2344
0.23312
0.23184
0.23312
0.23312
0.23184
0.23184
0.23312
0.23056
0.23184
0.23184
0.23184
0.23312
0.23184
0.23056
0.23056
0.23184
0.23184
0.23184
0.23312
0.23184
0.23312
0.23184
0.23312
0.23184
0.23184
0.23184
0.23056
0.23056
0.22287
0.23312
0.23312
0.23312
0.23184
0.23184
0.23312
0.23184
0.23312
0.23184
0.23312
0.23056
0.23312
0.23184
0.23184
0.23312
0.23184
0.23312
0.23184
0.23312
0.23184
0.23184
0.23312
0.23184
0.23312
0.23184
0.2344
0.23184
0.23312
0.23184
0.23184
0.23184
0.23184
0.23312
0.23312
0.23184
0.23312
0.2344
0.23184
0.23312
0.23184
0.23056
0.23184
0.23184
0.23312
0.23184
0.23312
0.23184
0.23312
0.23056
0.23312
0.23184
0.23312
0.23184
0.23184
0.23312
0.23184
0.23312
0.23184
0.23184
0.23184
0.23312
0.23184
0.23184
0.23184
0.23184
0.23056
0.23056
0.23184
0.23312
0.2344
0.23184
0.23184
0.23312
0.23184
0.23312
0.23184
0.23312
0.23312
0.23184
0.22415
0.23312
0.23184
0.23312
0.2344
0.23312
0.23312
0.23312
0.2344
0.23312
0.23184
0.23312
0.23312
0.23184
0.23312
0.23312
0.23184
0.23312
0.23184
0.2344
0.23312
0.23312
0.2344
0.23312
0.23312
0.23184
0.23312
0.23312
0.23312
0.23056
0.23312
0.23312
0.23312
0.23312
0.23312
0.2344
0.23184
0.23184
0.23184
0.23312
0.23184
0.23312
0.23184
0.23312
0.23312
0.2344
0.23312
0.23312
0.23312
0.23312
0.23312
0.23184
0.2344
0.23312
0.23184
0.23312
0.2344
0.23184
0.23184
0.23312
0.23184
0.23312
0.23184
0.2344
0.23184
0.2344
0.23184
0.2344
0.23184
0.23312
0.23312
0.23184
0.23312
0.23184
0.2344
0.2344
0.2344
0.23184
0.2344
0.23312
0.22415
0.23312
0.23312
0.23312
0.23312
0.2344
0.23312
0.2344
0.23184
0.2344
0.23312
0.23312
0.23312
0.23312
0.23312
0.23312
0.2344
0.23312
0.2344
0.23312
0.2344
0.23312
0.23312
0.23824
0.23312
0.2344
0.2344
0.23312
0.23312
0.23312
0.2344
0.23568
0.2344
0.23312
0.23312
0.2344
0.2344
0.2344
0.2344
0.2344
0.23568
0.23312
0.23568
0.23312
0.23568
0.2344
0.23312
0.23312
0.23312
0.2344
0.23312
0.2344
0.23312
0.2344
0.23184
0.23312
0.23312
0.23312
0.23312
0.23312
0.23312
0.23312
0.2344
0.23184
0.23312
0.23184
0.23312
0.23312
0.23312
0.23312
0.23312
0.23312
0.23312
0.23184
0.23184
0.23184
0.23184
0.23312
0.23312
0.2344
0.22287
0.23312
0.23312
0.23312
0.2344
0.23312
0.23184
0.23312
0.2344
0.23312
0.2344
0.23312
0.23312
0.2344
0.2344
0.2344
0.23312
0.23312
0.23312
0.2344
0.23184
0.23312
0.23184
0.23312
0.2344
0.2344
0.2344
0.23312
0.2344
0.23312
0.2344
0.23824
0.2344
0.23312
0.2344
0.23312
0.2344
0.23312
0.2344
0.2344
0.2344
0.23312
0.23312
0.23312
0.23312
0.2344
0.23184
0.23312
0.2344
0.23312
0.2344
0.23312
0.2344
0.23184
0.23312
0.23312
0.23312
0.23312
0.23184
0.23184
0.23312
0.2344
0.23312
0.2344
0.23312
0.2344
0.23312
0.23312
0.2344
0.23312
0.2344
0.23312
0.23312
0.23184
0.23184
0.23184
0.23184
0.23312
0.2344
0.23184
0.22287
0.23312
0.23312
0.2344
0.23824
0.2344
0.23312
0.2344
0.23312
0.23312
0.23184
0.23312
0.2344
0.23312
0.2344
0.23312
0.2344
0.2344
0.2344
0.2344
