0.22032
0.21904
0.21904
0.22032
0.22673
0.22288
0.22032
0.21904
0.22032
0.22032
0.2216
0.22032
0.21904
0.21904
0.21904
0.21904
0.21904
0.22032
0.21904
0.22032
0.22032
0.22032
0.22032
0.22032
0.22032
0.22032
0.21904
0.21904
0.22032
0.21904
0.21904
0.22032
0.2216
0.22032
0.22032
0.21904
0.21904
0.22032
0.21904
0.22032
0.21904
0.21904
0.22032
0.21904
0.21776
0.22032
0.21904
0.21904
0.21904
0.21904
0.21904
0.21904
0.22032
0.22032
0.21136
0.22032
0.22032
0.22032
0.22032
0.22032
0.22032
0.22032
0.21904
0.21904
0.21904
0.2216
0.21904
