0.23312
0.23184
0.23952
0.2677
0.228
0.2344
0.23184
0.23184
0.23184
0.23184
0.2344
0.23056
0.23184
0.23312
0.23184
0.23184
0.23184
0.23312
0.23184
0.23184
0.23184
0.23184
0.2344
0.23312
0.2344
0.23184
0.2344
0.23184
0.23312
0.23312
0.23184
0.23312
0.23184
0.23312
0.23184
0.23312
0.23184
0.23312
0.23184
0.23056
0.23056
0.23056
0.23184
0.23184
0.23056
0.23184
0.23312
0.23312
0.23312
0.23184
0.2344
0.22287
0.23312
0.23184
0.23312
0.23184
0.23312
0.23184
0.2344
0.23184
0.23312
0.23312
0.23184
0.23184
0.23312
0.2344
