0.2408
0.2408
0.24336
0.30613
0.24977
0.24593
0.24336
0.24336
0.24336
0.24336
0.24336
0.24336
0.24336
0.2408
0.24208
0.24208
0.24336
0.24208
0.2408
0.24208
0.24208
0.24208
0.24336
0.24208
0.24208
0.2408
0.24208
0.2408
0.2408
0.23312
0.2408
0.24336
0.2408
0.24208
0.24208
0.2408
0.24208
0.23952
0.24208
0.2408
0.24208
0.24208
0.2408
0.24208
0.2408
0.24208
0.24208
0.24208
0.2408
0.23952
0.2408
0.2408
0.23952
0.23952
0.24208
0.24208
0.2408
0.23952
0.23952
0.2408
0.23952
0.2408
0.24208
0.2408
0.24208
0.2408
0.24208
