0.23312
0.23184
0.23184
0.22928
0.25361
0.23312
0.23312
0.23312
0.23312
0.23184
0.23696
0.23184
0.23184
0.23056
0.23056
0.23184
0.23312
0.23056
0.23184
0.23184
0.23184
0.23312
0.23184
0.23312
0.23184
0.23312
0.23184
0.23184
0.23312
0.23184
0.23312
0.23184
0.23056
0.23184
0.23184
0.23184
0.23184
0.23312
0.23184
0.23184
0.23184
0.23056
0.23184
0.23312
0.23312
0.23184
0.23312
0.23184
0.23184
0.23184
0.2344
0.23184
0.23312
0.23312
0.23184
0.23312
0.23056
0.23184
0.23312
0.23184
0.23056
0.22287
0.23184
0.23184
