0.22032
0.21776
0.22032
0.22032
0.22417
0.22032
0.21904
0.21904
0.21904
0.21904
0.22032
0.21904
0.21904
0.21904
0.21904
0.21904
0.22032
0.22032
0.21904
0.21904
0.21904
0.21776
0.21904
0.21648
0.21904
0.21776
0.21904
0.21776
0.22032
0.21776
0.21904
0.22032
0.22032
0.21776
0.21904
0.22032
0.21904
0.21904
0.21904
0.21904
0.22032
0.22032
0.22032
0.22032
0.2216
0.21008
0.22032
0.22032
0.21904
0.22032
0.22032
0.21904
0.22032
0.21776
0.21904
0.2216
0.22288
0.2216
0.22032
0.21904
0.21776
0.2216
0.2216
0.21904
0.21904
