0.2408
0.23952
0.24208
0.3215
0.28435
0.25105
0.24721
0.24465
0.24593
0.24465
0.24208
0.24208
0.24465
0.24336
0.24336
0.24465
0.24465
0.23312
0.24336
0.24336
0.24208
0.24208
0.2408
0.2408
0.24208
0.24208
0.2408
0.2408
0.24208
0.24336
0.24336
0.24336
0.24208
0.24208
0.2408
0.24208
0.24208
0.24208
0.24336
0.2408
0.24336
0.24208
0.2408
0.2408
0.2408
0.24208
0.24208
0.24336
0.2408
0.24208
0.2408
0.24208
0.24208
0.2408
0.24208
0.24465
0.24208
0.2408
0.24208
0.24208
0.2408
0.23952
0.2408
0.24208
0.24849
