0.19855
0.20111
0.18958
0.20751
0.20367
0.20111
0.20111
0.20111
0.20111
0.20239
0.20239
0.20239
0.20239
0.20111
0.20239
0.20239
0.20111
0.20111
0.20111
0.20239
0.20111
0.20111
0.19983
0.20111
0.20111
0.20239
0.20111
0.20239
0.20111
0.20111
0.20239
0.20111
0.20111
0.20111
0.20367
0.20239
0.20367
0.20239
0.20239
0.20111
0.20239
0.20111
0.19983
0.19983
0.20111
0.20111
0.19983
0.20111
0.19983
0.19855
0.19983
0.20239
0.20111
0.20239
0.20111
0.20111
0.19983
0.20111
0.19983
0.20239
0.20239
0.20239
0.20239
0.20367
0.20367
0.20239
0.20239
0.20495
0.21136
0.20623
0.20367
0.20239
0.20239
0.20239
0.20367
0.20367
0.20239
0.20111
0.20239
0.20367
0.20495
0.20623
0.19598
0.21136
0.21008
0.20623
0.20367
0.20495
0.20495
0.20495
0.20367
0.20367
0.20495
0.20367
0.20495
0.20495
0.20495
0.20623
0.20367
0.20367
0.20367
0.20495
0.20367
0.20495
0.20623
0.20623
0.20623
0.20623
0.20367
0.20367
0.20367
0.20623
0.20495
0.20623
0.20495
0.20495
0.20495
0.20623
0.20495
0.20495
0.20495
0.20495
0.20367
0.20495
0.20495
0.20495
0.20623
0.20623
0.20623
0.20623
0.20623
0.20495
0.20623
0.20495
0.20495
0.20623
0.20623
0.20751
0.20751
0.20879
0.20879
0.20751
0.20751
0.21264
0.21136
0.20751
0.20751
0.20751
0.20623
0.20623
0.20495
0.20623
0.21264
0.20623
0.20623
0.20623
0.20623
0.20623
0.20623
0.20623
0.21008
0.20751
0.1947
0.20751
0.20879
0.20751
0.20751
0.20623
0.20623
0.20495
0.20623
0.20751
0.20623
0.20751
0.20623
0.20623
0.20623
0.20751
0.20623
0.20751
0.20751
0.20623
0.20623
0.20623
0.20751
0.20751
0.20751
0.20623
0.20751
0.20623
0.20751
0.20623
0.20879
0.20623
0.20879
0.20751
0.20751
0.20623
0.20623
0.20879
0.20623
0.20751
0.20751
0.20751
0.20751
0.20879
0.20751
0.20751
0.20751
0.20751
0.20751
0.20751
0.20623
0.20751
0.20623
0.20623
0.20879
0.20751
0.21264
0.21136
0.20879
0.20751
0.20879
0.20879
0.20879
0.20879
0.21008
0.21008
0.20879
0.2152
0.20879
0.20751
0.20879
0.20879
0.20751
0.2152
0.21008
0.20879
0.21008
0.20879
0.2152
0.20879
0.19855
0.21008
0.21008
0.21008
0.20879
0.21008
0.21008
0.21008
0.20879
0.21008
0.20751
0.21008
0.20751
0.20879
0.20751
0.20879
0.20879
0.20879
0.21008
0.20879
0.21008
0.20879
0.20751
0.20879
0.20751
0.20751
0.21008
0.20751
0.20879
0.20751
0.21136
0.21136
0.21136
0.21136
0.21136
0.21136
0.21136
0.21264
0.21008
0.21008
0.21008
0.21136
0.21008
0.21136
0.20879
0.21136
0.21008
0.21008
0.21008
0.20879
0.21008
0.21008
0.21136
0.21008
0.21008
0.21392
0.21136
0.21776
0.21136
0.21136
0.21136
0.21136
0.21264
0.21392
0.21264
0.21392
0.21264
0.21264
0.21136
0.21264
0.21392
0.2152
0.2152
0.21776
0.21904
0.21904
0.22032
0.21904
0.2216
0.22032
0.21136
0.21904
0.22032
0.21904
0.21904
0.22032
0.22032
0.21776
0.21904
0.22032
0.21904
0.22032
0.21776
0.22032
0.21776
0.22032
0.21904
0.21904
0.21904
0.22032
0.22032
0.21904
0.22032
0.21904
0.22032
0.21904
0.22032
0.21776
0.21904
0.21904
0.21904
0.22032
0.21904
0.22032
0.22032
0.22032
0.22032
0.22032
0.2216
0.2216
0.2216
0.21904
0.21904
0.22032
0.2216
0.2216
0.2216
0.22032
0.2216
0.22032
0.2216
0.2216
0.22032
0.22032
0.2216
0.22032
0.22032
0.22032
0.22032
0.21904
0.2216
0.22032
0.22032
0.22032
0.2216
0.2216
0.2216
0.2216
0.22288
0.2216
0.2216
0.22288
0.22288
0.2216
0.22288
0.2216
0.2216
0.2216
0.2216
0.22032
0.21264
0.2216
0.22288
0.22288
0.2216
0.2216
0.22032
0.2216
0.22032
0.2216
0.22032
0.22032
0.2216
0.2216
0.2216
0.2216
0.22417
0.22288
0.22417
0.22288
0.22417
0.22288
0.22417
0.22288
0.22288
0.22288
0.2216
0.22288
0.2216
0.2216
0.2216
0.22288
0.2216
0.22288
0.22032
0.22288
0.22032
0.2216
0.22032
0.22032
0.2216
0.22032
0.22288
0.2216
0.22288
0.2216
0.22417
0.22288
0.22288
0.22288
0.2216
0.2216
0.2216
0.22288
0.2216
0.2216
0.2216
0.22288
0.22801
0.22288
0.22032
0.22288
0.2216
0.2216
0.2216
0.2216
0.22288
0.22288
0.22288
0.2216
0.2216
0.2216
0.22288
0.2216
0.22288
0.2216
0.22288
0.2216
0.22288
0.2216
0.21008
0.22288
0.22288
0.22417
0.2216
0.22417
0.2216
0.22288
0.22288
0.2216
0.22288
0.22417
0.2216
0.22288
0.2216
0.2216
0.22288
0.22417
0.22288
0.22545
0.22417
0.22545
0.22545
0.22288
0.22288
0.22288
0.22288
0.22417
0.22417
0.22288
0.22417
0.22288
0.22417
0.22288
0.22288
0.22288
0.22417
0.22288
0.22288
0.22417
0.22288
0.22417
0.22417
0.22545
0.22288
0.22417
0.2216
0.22417
0.22288
0.22417
0.22288
0.22417
0.22417
0.22288
0.2216
0.2216
0.22288
0.2216
0.2216
0.22288
0.22288
0.2216
0.22417
0.2216
0.22288
0.22288
0.2216
0.2216
0.22288
0.22288
0.22417
0.22288
0.22288
0.22288
0.22417
0.22545
0.22545
0.22545
0.22417
0.22545
0.21392
0.22417
0.22288
0.22545
0.22288
0.22417
0.22288
0.22417
0.22288
0.22417
0.22417
0.22545
0.22417
0.22417
0.22545
0.22417
0.22545
0.22417
0.22417
0.22417
0.22545
0.22288
0.22417
0.22288
0.22417
0.22417
0.22417
0.2216
0.22417
0.22288
0.2216
0.22288
0.22032
0.22288
0.22288
0.22417
0.22288
0.22417
0.22288
0.22417
0.22288
0.2216
0.2216
0.22417
0.22417
0.22288
0.22417
0.22417
0.22417
0.22288
0.22417
0.22417
0.22417
0.22288
0.22417
0.22288
0.22417
0.22288
0.22417
0.22288
0.22288
0.22288
0.22417
0.22288
0.22417
0.22801
0.22417
0.22288
0.22288
0.2216
0.22288
0.2216
0.22288
0.22417
0.22801
0.22417
0.2216
0.22288
0.22288
0.22288
0.21136
0.22288
0.2216
0.2216
0.22417
0.2216
0.2216
0.2216
0.22417
0.22288
0.22545
0.22545
0.22545
0.22417
0.22545
0.22417
0.22545
0.22417
0.22545
0.22417
0.22417
0.22288
0.22417
0.22288
0.22545
0.22288
0.22673
0.22545
0.22417
0.22288
0.22288
0.22417
0.22417
0.22288
0.22417
0.22417
0.22288
0.22288
0.22288
0.22417
0.22288
0.22417
0.22288
0.2216
0.2216
0.22417
0.22417
0.22288
0.22288
0.22417
0.22417
0.22288
0.22545
0.22417
0.22545
0.22545
0.22545
0.22288
0.22545
0.22417
0.22417
0.22288
0.22288
0.22417
0.22417
0.22417
0.22288
0.22545
0.22417
0.22545
0.22288
0.22417
0.22288
0.22417
0.22417
0.22417
0.22417
0.22417
0.22545
0.22545
0.21392
0.22545
0.22545
0.22417
0.22417
0.22417
0.22417
0.22417
0.22545
0.22417
0.22417
0.22417
0.22545
0.22417
0.22288
0.22673
0.22288
0.22288
0.22288
0.22417
0.22288
0.22417
0.22288
0.22545
0.22288
0.22417
0.22288
0.22545
0.22417
0.22545
0.22417
0.22417
0.22545
0.22417
0.22417
0.22417
0.22417
0.22288
0.22545
0.22417
0.22545
0.22417
0.22673
0.22545
0.22545
0.22417
0.22545
0.22673
0.22417
0.22545
0.22417
0.22545
0.22417
0.22545
0.22417
0.22545
0.22545
0.22545
0.22417
0.22545
0.22288
0.22417
0.22545
0.22417
0.22545
0.22288
0.22417
0.22417
0.22417
0.22288
0.22417
0.22417
0.22417
0.22417
0.22545
0.22288
0.22545
0.22288
0.22545
0.22417
0.21392
0.22417
0.22288
0.22417
0.22417
0.22417
0.22288
0.22417
0.22417
0.22545
0.22288
0.22545
0.22288
0.22545
0.22417
0.22545
0.22288
0.22417
0.2216
0.22417
0.22288
0.22929
0.22417
0.2216
0.22417
0.22288
0.22417
0.22288
0.22545
0.22417
0.22545
0.22417
0.22288
0.22545
0.22417
0.22288
0.22417
0.22545
0.22417
0.22417
0.22417
0.22545
0.22417
0.22417
0.22288
0.22417
0.22288
0.22417
0.22288
0.22417
0.22545
0.22417
0.22545
0.22417
0.22417
0.22417
0.22545
0.22545
0.22545
0.22417
0.22417
0.22288
0.22417
0.22288
0.22288
0.22288
0.22288
0.2216
0.22288
0.22417
0.22288
0.22417
0.22288
0.22417
0.22288
0.22545
0.22417
0.22417
0.22417
0.22288
0.21392
0.22288
0.22417
0.22288
0.22417
0.22288
0.22417
0.22288
0.22417
0.2216
0.22288
0.22288
0.22417
0.22417
0.22288
0.22417
0.22288
0.22417
0.22288
0.22417
0.2216
0.22417
0.22288
0.22417
0.22417
0.22288
0.22288
0.2216
0.22288
0.22288
0.22288
0.22032
0.2216
0.2216
0.2216
0.2216
0.22288
0.2216
0.22032
0.2216
0.22288
0.2216
0.2216
0.22032
0.22288
0.2216
0.22288
0.22288
0.2216
0.22288
0.22288
0.22288
0.2216
0.22032
0.2216
0.22288
0.2216
0.2216
0.2216
0.22288
0.2216
0.2216
0.2216
0.2216
0.2216
0.22288
0.2216
0.22288
0.22288
0.2216
0.22288
0.2216
0.22288
0.2216
0.2216
0.2216
0.22288
0.2216
0.2216
