0.39066
0.38298
0.38426
0.38298
0.38298
0.38426
0.38426
0.38426
0.38426
0.38426
0.38298
0.39195
0.38298
0.38682
0.38426
0.38298
0.38426
0.3817
0.38426
0.3817
0.38426
0.38298
0.3817
0.38426
0.38298
0.38298
0.38298
0.38426
0.38298
0.38426
0.38298
0.38426
0.38426
0.3817
0.37657
0.38298
0.38426
0.38426
0.38426
0.38298
0.38426
0.38298
0.38426
0.38298
0.38298
0.38298
0.38298
0.38298
0.3817
0.38426
0.38298
0.38298
0.38298
0.38298
0.38298
0.38298
0.38298
0.3881
0.38298
0.38298
0.3817
0.3817
0.3817
0.3817
0.3817
0.38298
0.3817
0.3817
0.3817
0.3817
0.3817
0.38298
0.38298
0.3817
0.3817
0.3817
0.38298
0.3817
0.38298
0.3817
0.38298
0.38298
0.38298
0.3817
0.38298
0.38298
0.3817
0.38298
0.38298
0.38298
0.38298
0.3817
0.3817
0.38298
0.38298
0.38298
0.38298
0.38426
0.38298
0.38298
0.38298
0.38298
0.3817
0.38298
0.38426
0.38298
0.38298
0.3817
0.38298
0.38298
0.38426
0.38298
0.38298
0.38298
0.37529
0.38426
0.38298
0.38298
0.38298
0.38298
0.38298
0.38426
0.38298
0.38298
0.38298
0.3817
0.38426
0.38298
0.38426
0.3817
0.38298
0.38298
0.38298
0.38426
0.38298
0.38298
0.3817
0.38298
0.3817
0.38298
0.3817
0.3817
0.3817
0.38298
0.3817
0.38042
0.3817
0.38042
0.38298
0.3817
0.3817
0.3817
0.3817
0.38042
0.3817
0.38042
0.38042
0.38042
0.38042
0.38298
0.38042
0.3817
0.3817
0.3817
0.3817
0.3817
0.38042
0.38042
0.38042
0.3817
0.38042
0.3817
0.38298
0.3817
0.38298
0.38042
0.38298
0.38042
0.3817
0.3817
0.3817
0.38042
0.38042
0.3817
0.3817
0.38298
0.38042
0.3817
0.3817
0.3817
0.3817
0.38298
0.3817
0.3817
0.37273
0.3817
0.3817
0.3817
0.38298
0.38042
0.38042
0.37914
0.3817
0.38042
0.3817
0.3817
0.38042
0.3817
0.38298
0.3817
0.38042
0.38682
0.38298
0.3817
0.38298
0.3817
0.38042
0.3817
0.3817
0.38298
0.38042
0.3817
0.3817
0.38298
0.3817
0.3817
0.38042
0.3817
0.3817
0.38298
0.38298
0.38298
0.38298
0.38042
0.3817
0.3817
0.3817
0.38042
0.3817
0.3817
0.38298
0.3817
0.38298
0.3817
0.3817
0.38298
0.3817
0.3817
0.3817
0.3817
0.3817
0.3817
0.38042
0.3817
0.3817
0.38042
0.3817
0.3817
0.3817
0.3817
0.3817
0.3817
0.3817
0.38042
0.3817
0.37914
0.37914
0.38042
0.38042
0.38042
0.3817
0.38042
0.3817
0.37914
0.37273
0.38042
0.38042
0.38554
0.38042
0.37914
0.37914
0.38042
0.37914
0.37786
0.37914
0.38042
0.37914
0.38042
0.37786
0.37914
0.37914
0.38042
0.38042
0.37786
0.38042
0.37786
0.37914
0.38554
0.37914
0.37786
0.37914
0.37914
0.37914
0.37914
0.37914
0.37914
0.37914
0.37657
0.37914
0.37914
0.37657
0.37786
0.37786
0.37914
0.37786
0.37914
0.37786
0.37914
0.37786
0.37914
0.37786
0.37914
0.37786
0.37914
0.37786
0.37786
0.37786
0.37786
0.37786
0.37786
0.37914
0.37657
0.37657
0.37786
0.37786
0.37657
0.37914
0.37786
0.37657
0.37786
0.37914
0.37786
0.37914
0.37657
0.37657
0.37786
0.37786
0.37786
0.37657
0.37914
0.37786
0.37786
0.37786
0.37786
0.36889
0.37786
0.37786
0.37529
0.37786
0.37786
0.37914
0.37657
0.37914
0.37657
0.37914
0.37657
0.37786
0.37657
0.37786
0.37657
0.37786
0.37657
0.37657
0.37657
0.37786
0.37786
0.37786
0.37657
0.37657
0.37657
0.37657
0.37786
0.37529
0.37786
0.37657
0.37786
0.37657
0.37657
0.37657
0.37786
0.37657
0.37786
0.37657
0.37657
0.37786
0.37529
0.37786
0.37529
0.37657
0.37529
0.37657
0.37657
0.37786
0.37657
0.37657
0.37786
0.37786
0.37657
0.37657
0.37657
0.37657
0.37657
0.37657
0.37657
0.37657
0.37657
0.37657
0.37657
0.37657
0.37786
0.37529
0.37657
0.37529
0.37657
0.37786
0.37529
0.37657
0.37529
0.37657
0.37657
0.37786
0.37529
0.37657
0.37529
0.36761
0.37529
0.37786
0.37657
0.37657
0.37657
0.37529
0.37529
0.37657
0.37657
0.37657
0.37657
0.37657
0.37529
0.37657
0.37657
0.37657
0.37657
0.37657
0.37529
0.37529
0.37529
0.37529
0.37401
0.37529
0.37401
0.37657
0.37657
0.37529
0.37529
0.37657
0.37529
0.37657
0.37657
0.37786
0.37657
0.37657
0.37657
0.37657
0.37657
0.37529
0.37657
0.37529
0.37657
0.37529
0.37657
0.37657
0.37657
0.37657
0.37657
0.37786
0.37529
0.37657
0.37529
0.37529
0.37529
0.37657
0.37529
0.37657
0.37529
0.37657
0.37529
0.37529
0.37529
0.37529
0.37529
0.37529
0.37657
0.37401
0.37529
0.37529
0.37529
0.37529
0.37529
0.37529
0.37529
0.37529
0.37401
0.37401
0.37529
0.36761
0.37401
0.37657
0.37401
0.37401
0.37401
0.37657
0.37529
0.37657
0.37529
0.37529
0.37657
0.37529
0.37657
0.37401
0.37529
0.37401
0.37529
0.37401
0.37529
0.37401
0.37529
0.37401
0.37657
0.37529
0.37657
0.37529
0.37529
0.37401
0.37529
0.37657
0.37273
0.37529
0.37273
0.37401
0.37529
0.37529
0.37401
0.37529
0.37401
0.37401
0.37529
0.37529
0.37529
0.37529
0.37529
0.37529
0.3817
0.37401
0.37401
0.37401
0.37401
0.37401
0.37529
0.37401
0.37401
0.37401
0.37529
0.37529
0.37401
0.37529
0.37401
0.37401
0.37401
0.37529
0.37273
0.37529
0.37401
0.37529
0.37401
0.37401
0.37273
0.37401
0.37401
0.37529
0.37401
0.37401
0.37401
0.37401
0.37529
0.37145
0.37401
0.37401
0.37401
0.37401
0.37401
0.37401
0.37529
0.37273
0.37401
0.37401
0.37529
0.37529
0.37401
0.37401
0.37273
0.37401
0.37529
0.37529
0.37273
0.37401
0.37401
0.37401
0.37401
0.37401
0.37401
0.37401
0.37273
0.37401
0.37401
0.37401
0.37401
0.37401
0.37401
0.37401
0.37273
0.37273
0.37273
0.37273
0.37401
0.37273
0.37401
0.37401
0.37401
0.37273
0.37273
0.37145
0.37273
0.37273
0.37273
0.37401
0.37273
0.37401
0.37273
0.37401
0.37273
0.37401
0.37786
0.37401
0.37273
0.37401
0.37401
0.37401
0.37401
0.37273
0.37273
0.37273
0.37401
0.37273
0.37401
0.37273
0.37401
0.37273
0.37401
0.37401
0.37145
0.37401
0.37145
0.37273
0.37145
0.36377
0.37145
0.37273
0.37145
0.37273
0.37273
0.37145
0.37273
0.37017
0.37145
0.37017
0.37017
0.37017
0.37145
0.37017
0.37145
0.37017
0.37017
0.37145
0.37017
0.37145
0.36889
0.37017
0.36889
0.36889
0.36889
0.37017
0.37017
0.37017
0.37017
0.36889
0.36889
0.37017
0.37017
0.37017
0.37017
0.37145
0.37017
0.37145
0.37145
0.36889
0.37145
0.37017
0.37145
0.37145
0.37145
0.37017
0.37273
0.37017
0.37145
0.37273
0.37145
0.37017
0.37017
0.37017
0.37017
0.37017
0.37145
0.37017
0.37145
0.37145
0.37145
0.37273
0.37145
0.37273
0.37017
0.37017
0.37017
0.37145
0.37145
0.36889
0.37017
0.37017
0.37145
0.37657
0.37145
0.37017
0.37145
0.37017
0.37017
0.36249
0.37145
0.37145
0.37017
0.37017
0.36889
0.37017
0.37017
0.37145
0.37017
0.37145
0.37017
0.37017
0.37017
0.37145
0.37145
0.36889
0.37017
0.37017
0.37017
0.37017
0.37017
0.37017
0.36889
0.37017
0.37017
0.37017
0.37017
0.36889
0.37017
0.36889
0.37017
0.36889
0.37017
0.36889
0.36889
0.36889
0.37017
0.37017
0.37017
0.36889
0.36889
0.36889
0.36889
0.36889
0.36889
0.37145
0.37017
0.37145
0.36889
0.37145
0.36889
0.37017
0.37017
0.36889
0.37017
0.37017
0.37017
0.37017
0.36889
0.37017
0.37017
0.36889
0.36889
0.36889
0.37017
0.36889
0.37017
0.36889
0.36761
0.36889
0.37017
0.37017
0.36761
0.36889
0.36761
0.36761
0.36761
0.36889
0.36761
0.35864
0.36889
0.36889
0.36761
0.36889
0.36889
0.36761
0.36761
0.36889
0.36761
0.36889
0.36761
0.36889
0.36889
0.36889
0.36889
0.36761
0.36761
0.36761
0.36889
0.36761
0.36889
0.36761
0.36761
0.36761
0.36889
0.36633
0.36633
0.36761
0.36761
0.36761
0.36761
0.36761
0.36633
0.36761
0.36761
0.36889
0.36761
0.36761
0.36633
0.36761
0.36761
0.36761
0.36761
0.36761
0.36633
0.36761
0.36761
0.36505
0.36761
0.36633
0.36761
0.36633
0.36761
0.36633
0.36633
0.36633
0.36505
0.36633
0.36505
0.36505
0.36505
0.36633
0.36505
0.36505
0.36505
0.36505
0.36633
0.36633
0.36505
0.36633
0.36633
0.36633
0.36633
0.36505
0.36761
0.36633
0.36761
0.36633
0.36633
0.35736
0.36633
0.36633
0.36633
0.36761
0.36633
0.36761
0.36633
0.36633
0.36633
0.36761
0.36633
0.36761
0.36633
0.36633
0.36633
0.36633
0.36505
0.36633
0.36633
0.36633
0.36633
0.36505
0.36505
0.36505
0.36505
0.36633
0.36633
0.36505
0.36633
0.36505
0.36633
0.37145
0.36505
0.36377
0.36377
0.36505
0.36505
0.36505
0.36505
0.36377
0.36505
0.36633
0.36377
0.36377
0.36377
0.36505
