22.173
22.009
21.656
22.629
22.545
22.732
22.673
22.654
22.613
22.587
22.555
22.519
22.504
22.476
22.442
22.461
22.456
22.442
22.432
22.431
22.396
22.404
22.404
22.363
22.356
22.333
22.342
22.333
22.335
22.337
22.344
22.321
22.303
22.289
22.272
22.253
22.228
22.223
22.221
22.23
22.21
22.209
22.214
22.203
22.173
22.175
22.157
22.136
22.112
22.203
22.173
22.175
22.157
22.136
22.112
22.104
22.113
22.094
22.094
22.114
22.112
22.128
22.104
22.121
22.087
21.991
22.012
22.346
22.16
22.126
22.109
22.063
22.017
22.009
21.996
21.963
21.966
21.926
21.898
21.9
21.88
21.866
21.863
21.866
21.845
21.839
21.807
21.817
21.789
21.779
21.76
21.762
21.736
21.733
21.713
21.674
21.762
21.84
21.843
21.792
21.763
21.734
21.702
21.702
21.684
21.666
21.643
21.648
21.631
21.646
21.64
21.625
21.639
21.624
21.599
21.576
21.569
21.535
21.546
21.534
21.528
21.528
21.512
21.499
21.513
21.503
21.49
21.47
21.463
21.464
21.452
21.459
21.47
21.453
21.441
21.452
21.429
21.416
21.397
21.397
21.39
21.365
21.353
21.389
21.384
21.397
21.394
21.4
21.395
21.377
21.366
21.356
21.329
21.349
21.362
21.359
21.354
21.344
21.315
21.318
21.49
21.426
21.385
21.356
21.334
21.307
21.286
21.283
21.274
21.229
21.158
21.183
21.32
21.467
21.4
21.354
21.315
21.292
21.281
21.265
21.249
21.238
21.222
21.24
21.224
21.208
21.192
21.149
21.178
21.125
21.099
21.356
21.243
21.179
21.166
21.148
21.13
21.142
21.117
21.101
21.075
21.079
21.048
21.048
21.019
21.01
21.024
21.005
20.995
20.986
20.985
20.978
20.978
20.976
20.944
20.93
20.946
20.954
20.972
20.985
20.971
20.949
20.932
20.926
20.928
20.942
20.94
20.954
20.962
20.977
21.004
21.04
21.099
21.137
21.173
21.211
21.199
21.185
21.159
21.164
21.124
21.101
21.085
21.103
21.126
21.159
21.153
21.14
21.153
21.155
21.032
21.217
21.269
21.204
21.174
21.158
21.145
21.094
21.087
21.086
21.076
21.086
21.082
21.044
21.039
21.022
21.004
20.978
20.973
20.954
20.932
20.928
20.922
20.921
20.913
20.893
20.873
20.877
20.846
20.837
20.821
20.821
20.808
20.843
20.704
20.84
20.942
20.9
20.882
20.872
20.835
20.818
20.796
20.803
20.835
20.809
20.799
20.798
20.785
20.761
20.739
20.734
20.691
20.665
20.673
20.657
20.654
20.68
20.665
20.654
20.627
20.618
20.609
20.62
20.638
20.636
20.622
20.624
20.616
20.611
20.607
20.583
20.562
20.534
20.513
20.487
20.479
20.5
20.483
20.469
20.464
20.483
20.459
20.454
20.46
20.423
20.41
20.397
20.378
20.367
20.269
19.961
20.53
20.59
20.573
20.573
20.592
20.581
20.583
20.56
20.555
20.583
20.568
20.625
20.682
20.745
20.732
20.709
20.725
20.769
20.746
20.762
20.956
21.111
21.395
21.441
21.5
21.569
21.977
22.157
22.646
23.029
23.24
23.294
23.351
23.338
23.336
23.295
23.296
23.378
23.472
23.557
23.79
23.848
24.011
24.124
24.357
24.382
24.281
24.067
23.835
23.663
23.518
23.569
23.768
24.068
24.218
24.332
24.574
25.03
25.189
25.577
25.459
25.161
24.94
24.768
25.208
25.631
25.993
25.986
25.845
25.566
25.297
25.141
25.102
25.232
25.615
25.824
25.834
25.699
25.521
25.287
25.001
24.769
24.748
25.019
25.361
25.519
25.513
25.427
25.259
25.116
24.915
24.797
24.636
24.564
24.522
24.301
24.127
24.244
24.386
24.437
24.624
24.91
25.089
25.316
25.364
25.551
25.938
26.081
26.238
26.144
25.984
25.727
25.534
25.379
25.295
25.234
25.19
25.219
25.325
25.465
25.523
25.476
25.387
25.284
25.175
25.111
25.055
24.995
24.867
24.797
24.745
24.675
24.618
24.583
24.584
24.574
24.607
24.6
24.599
24.563
24.541
24.451
24.423
24.383
24.322
24.341
24.328
24.349
24.476
24.67
24.794
24.821
24.821
24.755
24.692
24.61
24.551
24.491
24.437
24.397
24.355
24.315
24.286
24.277
24.245
24.232
24.217
24.241
24.208
24.192
24.164
24.16
24.127
24.108
24.082
24.058
24.037
23.997
23.996
23.987
23.968
23.951
23.951
23.945
23.921
23.922
23.924
23.922
24.077
24.324
24.512
24.597
24.821
24.783
24.707
24.609
24.519
24.437
24.372
24.321
24.285
24.25
24.214
24.196
24.151
24.171
24.149
24.119
24.094
24.077
24.053
24.073
24.058
24.048
24.013
24.022
24.028
24.035
24.037
24.003
23.98
23.964
23.951
23.935
23.908
23.894
23.887
23.866
23.84
23.831
23.826
23.819
23.825
23.804
23.789
23.758
23.772
23.755
23.727
23.711
23.702
23.686
23.684
23.664
23.666
23.668
23.638
23.639
23.638
23.62
23.58
23.568
23.55
23.544
23.508
23.499
23.503
23.482
23.489
23.52
23.497
23.556
23.636
23.597
23.502
23.521
23.584
23.698
23.848
24.021
24.288
24.457
24.67
25.152
25.539
25.685
25.624
25.484
25.254
25.05
24.865
24.923
25.571
26.192
26.7
27.201
27.581
27.457
27.03
26.523
26.063
25.934
25.46
25.196
25.263
25.581
25.984
26.166
26.519
26.499
26.357
26.097
25.844
25.57
25.461
25.206
25.111
25.015
24.874
24.814
24.825
25.193
25.68
26.199
26.7
27.163
27.161
26.765
26.442
25.96
25.561
25.45
25.07
24.995
24.838
24.775
24.719
24.759
24.855
24.978
25.142
25.382
25.503
25.504
25.43
25.313
25.154
25.017
24.903
24.811
24.728
24.683
24.616
24.59
24.565
24.515
24.446
24.417
24.385
24.349
24.323
24.319
24.323
24.306
24.301
24.268
24.265
24.263
24.259
24.248
24.271
24.236
24.207
24.218
24.203
24.239
24.254
24.183
24.14
24.127
24.107
24.086
24.061
24.052
24.046
24.017
24.009
23.997
23.995
24.006
23.994
23.98
23.962
23.955
23.976
23.959
23.991
24.051
24.082
24.104
24.1
24.09
24.069
24.058
24.042
24.041
24.01
24.009
24.009
24.004
23.967
23.95
23.931
23.953
24.01
24.26
24.555
24.948
25.065
25.224
25.129
24.973
24.824
24.675
24.563
24.524
24.406
24.358
24.322
24.324
24.304
24.272
24.254
24.232
24.199
24.205
24.2
24.172
24.177
24.136
24.128
24.134
24.112
24.094
24.093
24.081
24.061
24.049
24.024
24.015
24.005
23.996
23.997
23.987
23.971
24.014
23.996
23.99
23.953
23.942
23.93
23.922
23.905
23.906
23.867
23.862
23.883
23.88
23.869
23.858
23.863
23.85
23.842
23.845
23.853
23.844
23.819
23.819
23.808
23.794
23.776
23.786
23.781
23.771
23.758
23.752
23.739
23.741
23.759
23.722
23.705
23.702
23.696
23.708
23.708
23.741
23.736
23.727
23.686
23.723
23.768
23.752
23.703
23.707
23.736
23.784
23.812
23.872
23.894
23.872
23.892
23.876
23.873
23.917
23.864
23.851
23.844
23.84
23.835
23.819
23.801
23.798
23.782
23.808
23.813
23.78
23.794
23.781
23.803
23.833
23.823
23.823
23.835
23.835
23.818
23.878
23.854
23.837
23.83
23.837
23.827
23.828
23.822
23.804
23.794
23.775
23.745
23.777
23.822
23.896
23.94
24.015
24.014
24.01
24.023
23.983
23.95
23.937
23.914
23.886
23.889
23.896
23.919
24.008
24.1
24.126
24.119
24.101
24.074
24.036
23.994
23.965
23.935
23.912
23.919
23.89
23.872
23.849
23.83
23.845
23.845
23.839
23.822
23.841
23.882
23.921
23.944
23.941
23.932
23.921
23.885
23.878
23.86
23.845
23.837
23.826
23.79
23.766
23.749
23.708
23.744
23.816
23.906
23.964
23.977
23.977
24.061
24.228
24.489
24.615
24.876
24.879
24.811
24.706
24.593
24.532
24.46
24.382
24.321
24.258
24.255
24.213
24.194
24.142
24.196
24.403
24.72
24.97
25.084
