0.3228
0.32152
0.32024
0.34329
0.3292
0.32792
0.32664
0.32664
0.33176
0.32536
0.32536
0.32536
0.32408
0.32408
0.3228
0.3228
0.32408
0.32408
0.32536
0.32408
0.32536
0.3228
0.32408
0.32408
0.32536
0.32408
0.32408
0.32408
0.32408
0.32408
0.32536
0.32408
0.32408
0.32408
0.32536
0.32408
0.32408
0.31511
0.32536
0.32408
0.32536
0.32408
0.32536
0.32408
0.32408
0.32408
0.32536
0.32408
0.3228
0.32408
0.32408
0.32536
0.32408
0.3228
0.32408
0.32408
0.3228
0.32408
0.32408
0.32536
0.33433
0.34842
0.3292
0.32536
0.32536
0.32536
0.32536
0.32536
0.32536
0.32408
0.32536
0.33817
0.36635
0.34457
0.33176
0.33048
0.32664
0.32792
0.32664
0.32792
0.32536
0.32664
0.36891
0.33048
0.3292
0.33176
0.32664
0.32408
0.32536
0.32408
0.32536
0.32536
0.32408
0.32536
0.32408
0.32536
0.32408
0.32408
0.3228
0.32536
0.32408
0.32536
0.32408
0.32536
0.32408
0.32408
0.32408
0.32536
0.32408
0.32536
0.32408
0.32536
0.32408
0.32408
0.32408
0.32536
0.32408
0.31639
0.32408
0.32536
0.3228
0.32664
0.32408
0.32664
0.32408
0.32408
0.3228
0.32536
0.32536
0.37532
0.35995
0.33305
0.33048
0.32792
0.32664
0.32792
0.3292
0.32792
0.32664
0.32664
0.33433
0.32664
0.32536
0.32664
0.32664
0.32664
0.32664
0.33817
0.40862
0.34201
0.33176
0.32792
0.3292
0.32664
0.32664
0.32536
0.32664
0.32408
0.32664
0.32408
0.32536
0.32664
0.32664
0.32408
0.32664
0.32664
0.32536
0.32536
0.32664
0.32536
0.32664
0.32664
0.32792
0.32664
0.32664
0.32536
0.32792
0.32664
0.32664
0.32664
0.32536
0.32536
0.32664
0.32664
0.32664
0.32536
0.32536
0.32408
0.32664
0.32536
0.32664
0.32408
0.3228
0.32536
0.32536
0.32408
0.32536
0.31511
0.32664
0.32536
0.32408
0.32536
0.32536
0.32664
0.32536
0.32664
0.32408
0.33048
0.36123
0.33176
0.32664
0.32792
0.32664
0.32664
0.32536
0.32664
0.32664
0.33176
0.32536
0.33048
0.32536
0.32536
0.32408
0.34714
0.33176
0.32664
0.32536
0.32664
0.32536
0.32408
0.32536
0.32408
0.32536
0.32664
0.32536
0.32664
0.32536
0.32664
0.32536
0.32664
0.32664
0.32664
0.32536
0.32536
0.32408
0.32536
0.32408
0.32536
0.32664
0.32536
0.32536
0.32536
0.32408
0.32664
0.32536
0.32664
0.32664
0.32664
0.32664
0.32664
0.32664
0.32664
0.32664
0.33048
0.32536
0.32408
0.32536
0.32664
0.32536
0.32408
0.32536
0.32536
0.32664
0.32536
0.32536
0.32664
0.32664
0.31639
0.32792
0.34586
0.34457
0.33176
0.33048
0.32792
0.3292
0.33305
0.3292
0.32792
0.3292
0.32792
0.3292
0.3292
0.3292
0.32792
0.32792
0.32664
0.3292
0.32792
0.32792
0.32792
0.3292
0.32664
0.32792
0.32664
0.32664
0.32664
0.32792
0.32536
0.3292
0.32664
0.32792
0.32664
0.32792
0.32536
0.32664
0.32664
0.32664
0.32536
0.32536
0.32536
0.32664
0.32664
0.32792
0.32536
0.32792
0.32664
0.32792
0.32664
0.32792
0.32536
0.32792
0.32664
0.32792
0.32664
0.32792
0.32664
0.32792
0.32664
0.32792
0.32664
0.32792
0.32664
0.32664
0.32664
0.32664
0.32664
0.32664
0.32664
0.32664
0.32664
0.32664
0.32536
0.32664
0.32664
0.32664
0.32536
0.32664
0.31511
0.32536
0.32536
0.32664
0.32536
0.32664
0.32536
0.32536
0.32664
0.32664
0.32536
0.32664
0.32664
0.32664
0.32664
0.32664
0.32536
0.32408
0.32536
0.32664
0.32408
0.32664
0.32536
0.32792
0.32536
0.32664
0.32536
0.32536
0.32664
0.32536
0.32536
0.32536
0.32536
0.32536
0.32536
0.32408
0.33176
0.32536
0.32408
0.32408
0.32408
0.32408
0.32536
0.32408
0.32408
0.32408
0.32536
0.32536
0.32664
0.32536
0.32664
0.32408
0.32664
0.32408
0.32536
0.32408
0.32408
0.32536
0.32664
0.32536
0.32664
0.32536
0.32664
0.32536
0.32664
0.32664
0.32792
0.32536
0.32792
0.32536
0.32664
0.32536
0.32664
0.32536
0.32664
0.32664
0.32664
0.32664
0.32664
0.32664
0.31767
0.32536
0.32664
0.32664
0.32664
0.32664
0.32792
0.32664
0.32792
0.32664
0.32792
0.32664
0.32792
0.33305
0.34714
0.34842
0.35098
0.3497
0.3497
0.34842
0.34842
0.3497
0.34714
0.34842
0.34842
0.34842
0.34842
0.35482
0.36123
0.36507
0.36635
0.36635
0.36635
0.36763
0.37019
0.37019
0.36891
0.36763
0.36507
0.36635
0.36507
0.36507
0.36251
0.36251
0.36123
0.36379
0.36123
0.36123
0.36123
0.36123
0.36123
0.36123
0.35867
0.36123
0.35995
0.35867
0.35867
0.35995
0.35867
0.35867
0.35995
0.35867
0.35995
0.36251
0.36251
0.36251
0.37147
0.36251
0.36251
0.36123
0.36123
0.36123
0.36251
0.35995
0.35995
0.36123
0.36123
0.35995
0.36123
0.35995
0.35226
0.35995
0.35995
0.35867
0.35995
0.35867
0.35995
0.35995
0.35995
0.35995
0.35995
0.36123
0.35995
0.35995
0.35995
0.36123
0.35995
0.35867
0.35995
0.36251
0.35995
0.35995
0.36123
0.36251
0.36379
0.36123
0.36251
0.36379
0.36507
0.36635
0.36635
0.36379
0.36507
0.36379
0.36507
0.36379
0.36251
0.36379
0.36379
0.36251
0.36379
0.36251
0.36123
0.36251
0.36251
0.36251
0.36251
0.36251
0.36379
0.36251
0.36251
0.36251
0.36251
0.36251
0.36379
0.36251
0.36379
0.36251
0.36123
0.36251
0.36379
0.36379
0.36379
0.36251
0.36379
0.36251
0.36379
0.36251
0.36379
0.36251
0.36379
0.36251
0.36251
0.36507
0.36507
0.36507
0.36379
0.36379
0.36379
0.36507
0.35482
0.36251
0.36379
0.36507
0.36507
0.36507
0.36379
0.36507
0.36507
0.36379
0.36379
0.36379
0.36507
0.36507
0.36507
0.36507
0.36507
0.36507
0.36379
0.36507
0.36507
0.36379
0.36635
0.36507
0.36635
0.36507
0.36635
0.36507
0.36635
0.36507
0.36635
0.36507
0.36635
0.36507
0.36763
0.36635
0.36763
0.36763
0.36507
0.36763
0.36635
0.36763
0.36635
0.36763
0.36635
0.36763
0.36763
0.36763
0.36763
0.36891
0.36891
0.36891
0.36891
0.36891
0.36891
0.36635
0.36891
0.36763
0.36763
0.36891
0.36763
0.36635
0.36763
0.36763
0.36763
0.36763
0.36891
0.36763
0.36891
0.36763
0.36763
0.36763
0.36891
0.36635
0.36891
0.36891
0.36763
0.36763
0.36891
0.36763
0.35995
0.36763
0.36763
0.36763
0.36635
0.36635
0.36763
0.36891
0.36635
0.36763
0.36891
0.36891
0.36763
0.36891
0.36763
0.36891
0.36763
0.36763
0.36763
0.36891
0.36763
0.36891
0.36763
0.36763
0.36891
0.36763
0.36763
0.36891
0.36891
0.36891
0.36763
0.36763
0.36891
0.36891
0.36891
0.36891
0.37019
0.36763
0.36891
0.36891
0.36891
0.36763
0.37019
0.36763
0.36891
0.36763
0.36763
0.36891
0.36763
0.36891
0.36891
0.36891
0.36891
0.36891
0.37019
0.36891
0.37019
0.36891
0.36763
0.36763
0.36891
0.36763
0.36635
0.36891
0.36891
0.36763
0.36891
0.36763
0.36763
0.36763
0.36763
0.36891
0.36763
0.36763
0.36763
0.36763
0.36891
0.37019
0.36763
0.36891
0.35995
0.36891
0.36891
0.36891
0.36891
0.36891
0.37019
0.37147
0.37019
0.37147
0.37019
0.37019
0.36891
0.36891
0.37019
0.37019
0.36891
0.37019
0.37019
0.37147
0.37019
0.37019
0.36891
0.37019
0.36891
0.36891
0.36891
0.36891
0.37019
0.37019
0.36891
0.36891
0.3766
0.37147
0.37019
0.36891
0.37019
0.37147
0.37147
0.37019
0.37019
0.37147
0.37019
0.37147
0.37147
0.37019
0.37147
0.37019
0.37019
0.37019
0.37019
0.36891
0.37147
0.37147
0.37147
0.37147
0.37147
0.37147
0.37147
0.37147
0.37276
0.37147
0.37276
0.37019
0.37276
0.37019
0.37147
0.37019
0.37019
0.37019
0.36891
0.37019
0.37019
0.37147
0.37019
0.37019
0.37147
0.37019
0.36891
0.37019
0.36123
0.37019
0.37147
0.37147
0.37147
0.37147
0.37019
0.37147
0.36891
0.37019
0.36891
0.37019
0.37147
0.37019
0.37147
0.37147
0.37019
0.37147
0.37019
0.37147
0.36891
0.37019
0.37019
0.37147
0.37019
0.37019
0.37019
0.37147
0.36891
0.37147
0.37019
0.37019
0.37019
0.37147
0.37019
0.37019
0.37019
0.37019
0.37019
0.37019
0.37019
0.37147
0.37532
0.37019
0.37019
0.37019
0.37019
0.37147
0.37019
0.37019
0.37276
0.37019
0.37147
0.36891
0.37147
0.37019
0.37019
0.37019
0.36891
0.36763
0.36763
0.36891
0.37019
0.36891
0.36891
0.36891
0.36891
0.36891
0.37019
0.36891
0.36763
0.36891
0.37019
0.36763
0.37019
0.36891
0.37019
0.36891
0.36891
0.36891
0.35867
0.36891
0.36891
0.37019
0.36891
0.36763
0.36891
0.36763
0.36763
0.36891
0.36763
0.36763
0.36891
0.36635
0.36763
0.36891
0.36891
0.36763
0.36763
0.36763
0.36763
0.36891
0.36763
0.36891
0.36891
0.37019
0.36891
0.37019
0.36763
0.36891
0.36891
0.37019
0.36891
0.37019
0.36891
0.37019
0.37019
0.37019
0.37019
0.37019
0.37019
0.37019
0.37019
0.37147
