16.248
16.203
16.172
16.153
16.116
16.073
16.045
16.018
15.99
15.944
15.895
15.862
15.819
15.765
15.719
15.685
15.646
15.634
15.619
15.594
15.571
15.614
15.66
15.665
15.664
15.632
15.591
15.555
15.498
15.473
15.402
15.367
15.344
15.378
15.394
15.447
15.453
15.466
15.499
15.548
15.579
15.627
15.644
15.67
15.686
15.707
15.729
15.756
15.895
16.091
16.44
16.532
16.668
16.62
16.566
16.509
16.431
16.346
16.295
16.299
16.309
16.331
16.34
16.355
16.381
16.381
16.41
16.423
16.445
16.472
16.499
16.575
16.768
16.975
17.063
17.268
17.274
17.225
17.169
17.088
16.997
16.913
16.854
16.801
16.75
16.732
16.768
16.792
16.79
16.787
16.795
16.774
16.732
16.69
16.631
16.563
16.534
16.504
16.431
16.401
16.363
16.35
16.321
16.3
16.254
16.23
16.209
16.181
16.172
16.132
16.134
16.146
16.335
16.606
16.783
16.839
16.792
16.734
16.682
16.599
16.55
16.534
16.55
16.551
16.556
16.546
16.541
16.533
16.545
16.577
16.634
16.686
16.745
16.761
16.784
16.865
16.992
17.255
17.337
17.371
17.38
17.466
17.542
17.719
17.71
17.678
17.664
17.59
17.549
17.518
17.517
17.503
17.517
17.532
17.567
17.586
17.612
17.694
17.867
18.059
18.348
18.384
18.401
18.378
18.318
18.293
18.368
18.478
18.523
18.683
18.644
18.621
18.582
18.519
18.495
18.503
18.527
18.544
18.735
19.014
19.406
19.491
19.447
19.414
19.331
19.27
19.191
19.154
19.117
19.133
19.151
19.164
19.171
19.2
19.201
19.252
19.356
19.504
19.789
19.808
19.843
19.908
19.936
19.894
19.831
19.748
19.703
19.603
19.552
19.513
19.483
19.486
19.497
19.498
19.484
19.488
19.444
19.41
19.383
19.348
19.349
19.314
19.29
19.298
19.41
19.602
19.752
19.779
19.744
19.658
19.579
19.495
19.394
19.32
19.234
19.168
19.12
19.086
19.074
19.051
19.053
19.092
19.235
19.324
19.299
19.321
19.511
19.638
19.685
19.618
19.543
19.451
19.361
19.257
19.196
19.157
19.112
19.07
19.056
19.051
19.078
19.13
19.203
19.215
19.223
19.197
19.248
19.275
19.261
19.235
19.187
19.144
19.094
19.051
19.03
19.03
19.065
19.073
19.127
19.189
19.239
19.265
19.293
19.344
19.486
19.706
19.899
19.948
19.931
19.875
19.836
19.802
19.78
19.752
19.754
19.754
19.779
19.762
19.773
19.804
19.885
19.958
20.039
20.264
20.269
20.248
20.241
20.232
20.217
20.202
20.23
20.255
20.27
20.311
20.349
20.375
20.387
20.397
20.406
20.431
20.437
20.411
20.474
20.57
20.915
20.996
21.016
21.182
21.145
21.11
21.078
21.036
21.004
21
20.987
20.996
21.028
21.019
21.039
21.044
21.08
21.101
21.191
21.347
21.504
21.565
21.746
21.717
21.669
21.634
21.626
21.568
21.569
21.563
21.531
21.544
21.531
21.503
21.503
21.512
21.487
21.485
21.572
21.639
21.654
21.614
21.581
21.539
21.495
21.47
21.388
21.341
21.317
21.29
21.275
21.247
21.226
21.215
21.218
21.28
21.315
21.32
21.312
21.359
21.338
21.316
21.35
21.391
21.384
21.3
21.248
21.174
21.128
21.08
21.052
21.03
21.014
20.86
20.858
20.86
20.854
20.83
20.849
20.812
20.75
20.734
20.688
20.645
20.609
20.602
20.725
20.827
20.88
20.907
20.843
20.768
20.682
20.627
20.567
20.53
20.506
20.312
20.31
20.267
20.24
20.209
20.187
20.18
20.174
20.137
20.136
20.213
20.287
20.306
20.299
20.272
20.278
20.285
20.28
20.255
20.23
20.155
20.098
20.053
20.031
20.017
19.884
19.941
20.005
20.039
20.027
19.995
19.927
19.879
19.827
19.786
19.733
19.676
19.638
19.623
19.632
19.635
19.653
19.622
19.601
19.571
19.548
19.524
19.517
19.524
19.668
19.782
19.802
19.77
19.78
19.822
19.904
19.944
19.962
19.928
19.901
19.86
19.885
19.88
19.862
19.873
19.89
19.912
19.914
19.944
19.937
19.964
19.987
20.013
20.217
20.34
20.484
20.572
20.797
20.797
20.794
20.803
20.8
20.782
20.793
20.873
20.949
20.964
20.969
20.932
20.934
20.905
20.903
20.869
20.875
20.892
20.902
20.903
20.919
20.937
20.947
20.965
20.98
20.987
21.002
21.016
21.217
21.236
21.318
21.443
21.547
21.817
21.832
21.837
21.837
21.874
21.886
21.874
21.864
21.832
21.814
21.771
21.753
21.748
21.745
21.742
21.751
21.768
21.785
21.814
21.855
21.86
21.863
21.892
21.879
21.894
21.901
21.897
21.931
21.942
21.949
21.973
22.023
22.255
22.269
22.29
22.313
22.36
22.33
22.342
22.324
22.308
22.324
22.335
22.345
22.413
22.432
22.447
22.458
22.45
22.442
22.44
22.45
22.502
22.529
22.751
22.786
22.779
22.778
22.754
22.755
22.738
22.738
22.723
22.755
22.766
22.768
22.773
22.792
22.8
22.815
22.825
22.836
22.856
22.86
22.868
22.93
23.053
23.433
23.527
23.744
23.688
23.638
23.552
23.488
23.398
23.357
23.295
23.281
23.269
23.259
23.237
23.251
23.27
23.284
23.288
23.355
23.395
23.389
23.423
23.42
23.444
23.462
23.498
23.509
23.517
23.547
23.551
23.569
23.558
23.558
23.561
23.634
23.637
23.62
23.62
23.638
23.655
23.722
23.821
23.907
23.941
23.935
23.884
23.853
23.789
23.822
23.885
23.918
23.889
23.852
23.756
23.69
23.573
23.47
23.382
23.315
23.256
23.214
23.182
23.177
23.16
23.113
23.088
23.082
23.059
23.049
23.038
23.086
23.2
23.259
23.251
23.211
23.126
23.074
23.07
23.073
23.064
23.023
22.803
22.696
22.657
22.615
22.597
22.573
22.548
22.525
22.512
22.271
22.217
22.187
22.196
22.333
22.482
22.55
22.535
22.463
22.385
22.276
22.178
22.104
22.063
22.031
22.011
21.808
21.79
21.774
21.719
21.704
21.71
21.757
21.771
21.803
21.762
21.786
21.812
21.811
21.724
21.638
21.588
21.553
21.523
21.327
21.259
21.313
21.453
21.562
21.584
21.558
21.495
21.416
21.306
21.239
21.153
21.099
21.078
21.048
21.023
21.015
20.927
20.981
20.973
20.935
20.891
20.858
20.789
20.786
20.849
21.012
21.163
21.197
21.163
21.109
21.044
20.922
20.808
20.741
20.677
20.652
20.814
21.071
21.258
21.304
21.296
21.263
21.188
21.136
21.094
21.06
21.092
21.264
21.534
21.911
21.963
21.923
21.862
21.791
21.723
21.683
21.626
21.609
21.578
21.578
21.608
21.613
21.654
21.669
21.694
21.71
21.737
21.764
21.792
21.87
22.014
22.405
22.554
22.829
22.795
22.745
22.666
22.6
22.546
22.51
22.482
22.465
22.46
22.456
22.51
22.514
22.549
22.588
22.588
22.62
22.631
22.651
22.681
22.659
22.688
22.693
22.76
22.901
23.03
23.296
23.296
23.244
23.163
23.123
23.044
22.948
22.893
22.848
22.767
22.774
22.739
22.703
22.672
22.661
22.646
22.625
22.591
22.579
22.557
22.541
22.534
22.548
22.607
22.67
22.662
22.623
22.567
22.529
22.503
22.209
22.144
22.144
22.135
22.117
22.108
22.225
22.431
22.51
22.463
22.368
22.251
22.132
22.053
22.004
21.719
21.66
21.624
21.588
21.544
21.532
21.52
21.43
21.388
21.397
21.4
21.368
21.353
21.404
21.426
21.468
21.491
21.66
21.85
21.968
22.002
22.009
22.185
22.148
22.091
22.052
22.03
22.029
22.048
22.053
22.064
22.062
22.102
22.1
22.144
22.141
22.173
22.182
22.2
22.21
22.23
22.236
22.244
22.263
22.281
22.326
22.378
22.458
22.526
22.798
22.819
22.811
22.782
22.761
22.743
22.732
22.718
22.728
22.738
22.729
22.738
22.739
22.737
22.748
22.752
22.774
22.783
22.805
22.819
22.857
22.894
22.862
22.861
22.847
22.809
22.76
22.7
22.638
22.586
22.508
22.409
22.353
22.312
22.26
