5.9795
6.1512
6.2792
6.3138
6.2805
6.2011
6.1319
6.1076
6.1114
6.1076
6.1063
6.0909
6.0307
5.959
5.8783
5.8091
5.7387
5.6798
5.6362
5.5875
5.5401
5.5081
5.4927
5.5401
5.626
5.7169
5.7566
5.7912
5.836
5.8924
5.8988
5.8809
5.8463
5.7861
5.7272
5.6772
5.6234
5.5722
5.5273
5.5081
5.567
5.7387
5.9065
6.0064
6.0538
6.0986
6.1588
6.2075
6.2229
6.205
6.1588
6.0986
6.0282
5.9539
5.8783
5.8143
5.763
5.7169
5.6798
5.626
5.5978
5.5747
5.567
5.6375
5.7963
6.0115
6.1576
6.2126
6.2024
6.1755
6.114
6.0436
5.9949
6.0576
6.2242
6.3446
6.3779
6.3663
6.3433
6.3164
6.2805
6.2229
6.1512
6.0833
6.0192
5.9616
5.9219
5.8732
5.8463
5.8117
5.8219
5.9821
6.2652
6.4765
6.5874
6.5746
6.5285
6.4593
6.3773
6.2992
6.2262
6.1621
6.1122
6.0494
6.0161
5.9751
5.9457
5.9347
5.9923
6.1371
6.2895
6.3792
6.4022
6.3843
6.3548
6.3407
6.3523
6.4381
6.5413
6.5861
6.5823
6.54
6.4965
6.4478
6.3902
6.3274
6.2749
6.2262
6.1852
6.1212
6.0533
6.0917
6.1788
6.2672
6.3146
6.353
6.3876
6.4708
6.6002
6.6912
6.7001
6.6694
6.6169
6.5631
6.4952
6.4414
6.3773
6.3107
6.2672
6.2223
6.2095
6.2172
6.2467
6.2685
6.3171
6.2915
6.3504
6.3799
6.4414
6.5426
6.6463
6.7091
6.7181
6.7104
6.7142
6.7001
6.6656
6.6297
6.6002
6.5618
6.5772
6.663
6.7437
6.786
6.7847
6.786
6.7603
6.7181
6.6784
6.6591
6.6387
6.6079
6.5951
6.5823
6.6297
6.7578
6.8961
6.9679
6.9878
6.9506
6.9007
6.8507
6.7931
6.7265
6.6765
6.6445
6.6342
6.6355
6.7124
6.8584
7.0352
7.1428
7.1825
7.1633
7.1312
7.0851
7.0377
6.9891
6.9686
6.9801
7.0211
7.0557
7.0839
7.08
7.0608
7.0365
7.0032
6.9686
6.9583
6.9417
6.9186
6.9071
6.9276
7.0108
7.1069
7.1735
7.2107
7.2184
7.1876
7.1556
7.1312
7.0979
7.0518
7.0224
7.0019
6.9788
6.9596
6.9763
6.9775
7.0096
7.0506
7.1069
7.1466
7.1761
7.194
7.203
7.2171
7.2529
7.3349
7.3605
7.3464
7.3247
7.2991
7.3324
7.3733
7.4015
7.4002
7.3503
7.3093
7.2491
7.244
7.2107
7.1735
7.1377
7.1351
7.153
7.1825
7.2798
7.4348
7.5654
7.5859
7.5718
7.5373
7.4758
7.4143
7.3695
7.3259
7.2606
7.2196
7.1876
7.2362
7.2964
7.4322
7.5283
7.6321
7.6782
7.7371
7.7512
7.7435
7.7973
7.7512
7.6602
7.6513
7.6346
7.5578
7.5014
7.4169
7.3951
7.4258
7.4707
7.4963
7.5706
7.6743
7.691
7.6679
7.6346
7.6026
7.5654
7.5116
7.4886
7.4566
7.413
7.4002
7.4463
7.4771
7.5193
7.5693
7.5936
7.6052
7.568
7.3771
7.1222
7.0351
6.9711
6.9749
6.9813
6.9711
6.948
6.9429
6.934
6.8943
6.8571
6.8443
6.8405
6.8648
6.9481
7.0236
7.1697
7.2939
7.3836
7.3938
7.3887
7.3503
7.2786
7.1991
7.1133
7.0352
6.9993
6.9839
6.9788
6.9865
6.9455
6.9314
6.9583
6.9827
7.0659
7.1184
7.1133
7.0506
7.0493
6.9839
6.9096
6.8699
6.8533
6.8558
6.8533
6.8328
6.8213
6.8187
6.8213
6.8225
6.8315
6.8405
6.8469
6.8546
6.9058
7.0006
7.1466
7.267
7.326
7.3516
7.3272
7.2722
7.1991
7.1402
7.0723
7.0339
7.0249
7.0403
7.0659
7.112
7.1415
7.1543
7.1453
7.1172
7.1492
7.1466
7.1364
7.0992
7.0659
7.0518
7.0403
7.0377
7.048
7.0429
7.0416
7.0326
7.048
7.0621
7.0621
7.0877
7.1325
7.194
7.2414
7.2734
7.2786
7.2901
7.2824
7.267
7.2555
7.2363
7.2299
7.2184
7.2017
7.1966
7.194
7.185
7.2273
7.3208
7.3529
7.3785
7.3926
7.4002
7.3862
7.3682
7.3452
7.3272
7.3055
7.2862
7.267
7.2696
7.2888
7.3798
7.44
7.4335
7.4553
7.4245
7.4156
7.3989
7.3925
7.3669
7.3246
7.3029
7.2772
7.2542
7.2503
7.2516
7.2619
7.2785
7.2849
7.3041
7.3182
7.3041
7.2644
7.2439
7.2286
7.2298
7.226
7.2157
7.2042
7.2055
7.2286
7.2593
7.267
7.3029
7.3541
7.4104
7.4707
7.536
7.618
7.7179
7.7768
7.7704
7.7947
7.7563
7.7217
7.6897
7.6602
7.6256
7.5847
7.5642
7.5347
7.5219
7.5155
7.5104
7.5155
7.5334
7.5398
7.5219
7.5373
7.5245
7.4976
7.4707
7.4425
7.4117
7.3874
7.3733
7.3477
7.3733
7.4066
7.4758
7.5424
7.5731
7.6167
7.6167
7.5731
7.5411
7.5168
7.495
7.4911
7.4668
7.4438
7.4169
7.3912
7.3746
7.3951
7.4566
7.5385
7.5936
7.6077
7.7089
7.7358
7.723
7.6794
7.6308
7.5552
7.5116
7.4835
7.4681
7.4361
7.4284
7.4412
7.4502
7.4668
7.4745
7.4719
7.5193
7.6538
7.7063
7.805
7.8831
7.8767
7.8985
7.9203
7.9062
7.9292
7.9267
7.951
7.9659
7.9775
7.9941
8.0095
8.0454
8.1158
8.1901
8.2874
8.322
8.3387
8.3156
8.3067
8.2695
8.2388
8.2029
8.1709
8.1619
8.1594
8.1325
8.1273
8.1235
8.1401
8.1722
8.2016
8.2708
8.3605
8.4104
8.4591
8.4831
8.4844
8.451
8.4293
8.387
8.355
8.3383
8.3281
8.3396
8.355
8.3345
8.3037
8.2743
8.2563
8.2243
8.2179
8.2025
8.1923
8.1577
8.1423
8.118
8.0949
8.0988
8.1449
8.2487
8.3896
8.51
8.6073
8.6496
8.6509
8.6009
8.5817
8.5855
8.5881
8.5907
8.5689
8.533
8.4933
8.469
8.469
8.5292
8.6265
8.7072
8.7482
8.7072
8.6573
8.5945
8.551
8.4984
8.4293
8.3691
8.3319
8.2909
8.2576
8.2397
8.1859
8.1821
8.1769
8.1769
8.2512
8.2807
8.3012
8.3101
8.3242
8.3511
8.3934
8.4254
8.4408
8.46
8.4575
8.4485
8.4613
8.4459
8.4613
8.492
8.5177
8.5048
8.4818
8.46
8.4306
8.4049
8.3422
8.3306
8.2807
8.2551
8.2512
8.2666
8.3037
8.346
8.3678
8.396
8.4587
8.5061
8.5305
8.5279
8.5292
8.51
8.469
8.4254
8.396
8.3563
8.3127
8.2807
8.2692
8.2538
8.2294
8.2077
8.1974
8.2205
8.223
8.2884
8.4946
8.647
8.7111
8.761
8.7854
8.77
8.7508
8.7162
8.6586
8.5971
8.533
8.46
8.4024
8.3819
8.3563
8.3435
8.3665
8.3575
8.3204
8.2756
8.2525
8.2256
8.1821
8.1641
8.1487
8.1244
8.0949
8.0988
8.0783
8.0757
8.0732
8.0898
8.0642
8.0219
7.9873
7.9451
7.9297
7.9378
7.9096
7.9006
7.884
7.866
7.8455
7.8494
7.8545
7.8737
7.8878
7.8942
7.907
7.8891
7.875
7.8545
7.8519
7.8442
7.8417
7.8186
7.7968
7.784
7.7648
7.7635
7.7764
7.8097
7.8442
7.8519
7.8276
7.8237
7.8109
7.7892
7.7968
7.7687
7.7482
7.7174
7.7046
7.6611
7.6367
7.6098
7.5919
7.5676
7.5727
7.5778
7.7354
7.7661
7.7853
7.7853
7.7904
7.7879
7.7815
7.7892
7.7853
7.784
7.7584
7.7187
7.7123
7.6892
7.6944
7.6803
7.6892
7.6764
7.6675
7.6342
7.6021
7.5804
7.5483
7.5317
7.5099
7.4843
7.46
7.4343
7.463
7.4924
7.5398
7.6128
7.6218
7.6141
7.609
7.6026
7.5949
7.568
7.5629
7.5488
7.5373
7.5219
7.5168
7.495
7.518
7.5642
7.6218
7.691
7.7268
7.7294
7.7128
7.7166
7.6961
7.6859
7.6743
7.6641
7.65
7.6372
7.6244
7.6167
7.6154
7.6346
7.641
7.6474
7.6449
7.6116
7.5744
7.5411
7.4911
7.445
7.4181
7.3797
7.3874
7.372
7.3733
7.3528
7.3592
7.3631
7.4258
7.5142
7.5911
7.6346
7.691
7.6961
7.6884
7.6871
7.6705
7.6564
7.6333
7.6
7.5731
7.5514
7.5449
7.5283
7.5373
7.5334
7.5398
7.5078
7.4835
7.4463
7.4156
7.3951
7.3784
7.3605
7.3426
7.3362
7.349
7.3515
7.3707
7.3759
7.4002
7.4271
7.4053
7.3861
7.3554
7.331
7.3093
7.2939
7.2734
7.2491
7.2337
7.2093
7.1978
7.176
7.1658
7.1504
7.1312
7.1248
7.0966
7.0518
7.021
6.998
6.9839
6.9826
6.9608
6.9519
6.9263
6.9276
6.9276
6.9186
6.925
6.9135
6.8866
6.8533
6.8225
6.7969
6.77
6.729
6.688
6.6522
6.6368
6.6176
6.6022
6.5945
6.5971
6.5766
6.5497
6.5266
6.4946
6.4767
6.4639
6.4549
6.4472
6.4319
6.4222
6.4055
6.3991
6.3991
6.3953
6.3786
6.3645
6.353
6.3338
6.3338
6.321
6.3159
6.3095
6.2966
6.2825
6.2569
6.2416
6.2006
6.1442
6.1083
