6.5387
6.5234
6.5311
6.5656
6.6643
6.5592
6.5413
6.5515
6.5439
6.549
6.5477
6.54
6.5285
6.5311
6.5285
6.5272
6.5208
6.5336
6.5272
6.5234
6.5375
6.5259
6.5413
6.5387
6.5298
6.5311
6.5221
6.5182
6.5246
6.5272
6.5221
6.5182
6.5182
6.5272
6.5259
6.5272
6.5439
6.5349
6.5246
6.5285
6.5259
6.5336
6.5349
6.5323
6.5272
6.5221
6.5311
6.5413
6.5349
6.5362
6.54
6.5362
6.5259
6.5567
6.5605
6.5477
6.558
6.54
6.5554
6.5541
6.5451
6.5375
6.5451
6.5413
6.5387
6.5451
6.5541
6.5451
6.5477
6.549
6.5528
6.5605
6.5439
