6.275
6.2725
6.2712
6.2699
6.2686
6.2737
6.2635
6.2789
6.2789
6.284
6.284
6.2763
6.2725
6.2814
6.2737
6.2801
6.2776
6.2853
6.284
6.2789
6.2866
6.284
6.2827
6.2814
6.2827
6.2904
6.2878
6.2814
6.2891
6.2737
6.2866
6.2776
6.2853
6.2686
6.2737
6.2737
6.3019
6.3032
6.3199
6.3288
6.3199
6.3314
6.3237
6.3288
6.3288
6.3365
6.3237
6.3352
6.325
6.325
6.3211
6.3339
6.3314
6.3327
6.3211
6.3224
6.316
6.3186
6.3135
6.307
6.3109
6.3109
6.3109
6.3083
6.3096
6.3083
6.3135
6.3199
6.3173
6.3199
6.3339
6.3455
6.3339
6.3288
6.3275
6.3352
6.3301
6.3263
6.325
6.3186
6.3237
6.3186
6.3186
6.3186
6.3211
6.3199
6.325
6.325
6.3263
6.3365
6.3263
6.3147
6.3122
6.3058
6.3122
6.307
6.3096
6.3058
6.3199
6.3109
6.3147
6.3237
6.3096
6.3096
6.3186
6.3135
6.3109
6.3083
6.3109
6.3006
6.3019
6.3058
6.3045
6.3186
6.307
6.316
6.316
6.3186
6.3096
6.3109
6.3173
6.3058
6.3135
6.3109
6.3096
6.307
6.3032
6.3173
6.3173
6.3058
6.307
6.3199
6.316
6.3147
6.3109
6.3083
6.3109
6.3109
6.316
6.3147
6.316
6.3135
6.316
6.3224
6.325
6.316
6.3147
6.3109
6.325
6.316
6.3327
6.3327
6.3365
6.3211
6.3186
6.3237
6.3173
6.3147
6.3186
6.3083
6.3199
6.3199
6.3058
6.3045
6.3122
6.3019
6.307
6.3109
6.3109
6.3006
6.3045
6.3058
6.3032
6.3058
6.307
6.3083
6.3083
6.3006
6.3032
6.3083
6.3058
6.2955
6.3045
6.3058
6.3058
6.2968
6.307
6.307
6.3045
6.3058
6.3032
6.307
6.3045
6.3006
6.3032
6.3096
6.3045
6.3006
6.3173
6.3058
6.3032
6.3173
6.316
6.3109
6.3096
6.316
6.3058
6.3109
6.3173
6.3135
6.3109
6.3083
6.3122
6.3083
6.3058
6.2955
6.3058
6.3083
6.3135
6.325
6.316
6.3173
6.316
6.3147
6.3147
6.3096
6.3147
6.3122
6.316
6.3173
6.3327
6.3327
6.3378
6.325
6.3339
6.3327
6.3327
6.3199
6.3314
6.3327
6.3237
6.3186
6.3224
6.3314
6.3147
6.3058
6.3096
6.3135
6.3096
6.3045
6.307
6.3096
6.3186
6.3147
6.3096
6.316
6.3147
6.3211
6.3135
6.3173
6.3135
6.316
6.3122
6.3237
6.3199
6.3186
6.3237
6.316
6.316
6.3173
6.3135
6.3263
6.3199
6.3199
6.3211
6.316
6.3211
6.3211
6.3199
6.325
6.3301
6.3429
6.3378
6.3301
6.3314
6.3224
6.3263
6.3224
6.325
6.3352
6.3263
6.3224
6.3224
6.3314
6.3288
6.3352
6.3327
6.3301
6.3288
6.3288
6.3416
6.3237
6.3352
6.3314
6.3314
6.325
6.3378
6.3416
6.3314
6.3416
6.3544
6.3544
6.3493
6.3403
6.3378
6.3288
6.3275
6.3314
6.3339
6.3339
6.3339
6.3327
6.3391
6.3301
6.3391
6.3327
6.3301
6.3288
6.3365
6.3378
6.3327
6.3275
6.3263
6.3199
6.3352
6.3314
6.3288
6.3237
6.325
6.3365
6.3403
6.3429
6.3378
6.3378
6.3391
6.3327
6.3275
6.3263
6.3339
6.3327
6.3339
6.3391
6.3391
6.3327
6.3365
6.3275
6.3391
6.3378
6.3339
6.3301
6.3288
6.3352
6.3442
6.3403
6.3391
6.3403
6.3352
6.3327
6.3288
6.3403
6.3314
6.3339
6.3339
6.3327
6.3339
6.3403
6.3301
6.3275
6.3416
6.3288
6.3327
6.3301
6.3327
6.3314
6.3403
6.3288
6.3301
6.3314
6.3288
6.3224
6.3519
6.3506
6.3468
6.3391
6.348
6.3506
6.3403
6.3429
6.3378
6.3403
6.3365
6.3352
6.3365
6.3403
6.3455
6.3442
6.3506
6.3455
6.3506
6.366
6.3532
6.3493
6.3493
6.3468
6.3596
6.3583
6.3544
6.3532
6.3506
6.3519
6.3506
6.3429
6.3429
6.3493
6.3544
6.3621
6.3647
6.3532
6.3608
6.357
6.3493
6.3532
6.3506
6.3506
6.3532
6.3519
6.3532
6.3685
6.3672
6.3685
6.3698
6.3685
6.3621
6.3608
6.3532
6.357
6.3544
6.3608
6.3583
6.3698
6.3711
6.3647
6.3608
6.3583
6.3557
6.3493
6.3519
6.357
6.3583
6.3583
6.3596
6.357
6.3672
6.357
6.3506
6.3237
6.3263
6.3211
6.3365
6.3391
6.3711
6.3634
6.3544
6.3339
6.3468
6.3391
6.3468
6.3378
6.3339
6.3327
6.3365
6.3391
6.3314
6.3442
6.3403
6.3365
6.3327
6.3314
6.3301
6.3224
6.3263
6.3224
6.325
6.3237
6.3224
6.3211
6.325
6.3199
6.3211
6.3186
6.3211
6.3339
6.3288
6.3096
6.3122
6.3186
6.3135
6.3122
6.3109
6.2994
6.3122
6.3083
6.3122
6.3147
6.3135
6.3173
6.325
6.3288
6.3186
6.3275
6.3288
6.3173
6.3147
6.3147
6.3122
6.307
6.3122
6.3211
6.3173
6.316
6.3173
6.3122
6.3122
6.3083
6.3135
6.3122
6.3109
6.3263
6.325
6.3147
6.3186
6.3109
6.3122
6.3173
6.316
6.3096
6.3186
6.3173
6.3135
6.3083
6.3237
6.3263
6.3173
6.3147
6.3109
6.3135
6.3096
6.2981
6.3096
6.3173
6.3199
6.3237
6.3109
6.3186
6.307
6.307
6.3083
6.3083
6.3045
6.2994
6.3045
6.316
6.3109
6.3083
6.3083
6.3032
6.3045
6.2981
6.3006
6.2981
6.3032
6.3135
6.3135
6.3032
6.2955
6.2917
6.2942
6.2814
6.2878
6.284
6.2994
6.2917
6.293
6.2891
6.2891
6.2853
6.2866
6.2814
6.2866
6.2853
6.2917
6.2763
6.2955
6.293
6.2994
6.3006
6.293
6.2917
6.2891
6.2866
6.2801
6.2942
6.293
6.2942
6.2955
6.3019
6.2994
6.2968
6.293
6.2942
6.293
6.3083
6.3045
6.2942
6.2955
6.2904
6.3019
6.2904
6.2866
6.284
6.3032
6.307
6.2904
6.2866
6.2968
6.2891
6.2904
6.2853
6.2878
6.2878
6.2814
6.2942
6.2866
6.2866
6.284
6.2853
6.2904
6.2891
6.2955
6.2917
6.2891
6.2994
6.2917
6.2853
6.293
6.293
6.2917
6.2891
6.2942
6.2981
6.293
6.2878
6.2968
6.3019
6.2917
6.2891
6.2955
6.293
6.2981
6.2955
6.2968
6.2994
6.3045
6.3147
6.3019
6.2968
6.2955
6.3006
6.2968
6.2917
6.2866
6.284
6.2904
6.2891
6.2994
6.2866
6.2891
6.2917
6.2904
6.2814
6.2827
6.2955
6.2942
6.3006
6.2878
6.2981
6.2904
6.2866
6.2814
6.2814
6.2776
6.2763
6.2827
6.2904
6.284
6.2866
6.2853
6.2866
6.2891
6.2801
6.2981
6.2994
6.3058
6.3006
6.2981
6.2917
6.2827
6.2801
6.2878
6.2853
6.2853
6.2737
6.2878
6.2878
6.2878
6.2814
6.2942
6.2955
6.2917
6.2891
6.2853
6.2827
6.2789
6.275
6.2597
6.2558
6.2584
6.2533
6.2545
6.2533
6.2533
6.2725
6.2737
6.2609
6.2609
6.2545
6.2648
6.2648
6.2609
6.2533
6.2494
6.2456
6.2404
6.2366
6.2456
6.2443
6.2392
6.2417
6.2584
6.2507
6.2494
6.252
6.2494
6.2481
6.2558
6.2584
6.2507
6.2481
6.2443
6.2545
6.2481
6.2558
6.2571
6.252
6.2468
6.2533
6.2481
6.2456
6.2494
6.2481
6.2456
6.243
6.2481
6.2443
6.2481
6.2661
6.2558
6.2456
6.2558
6.2456
6.2609
6.2699
6.2584
6.2622
6.2558
6.2558
6.2494
6.2379
6.2507
6.2468
6.2456
6.2584
6.2584
6.2545
6.2468
6.2494
6.2443
6.2456
6.2404
6.2366
6.2417
6.2545
6.2533
6.2507
6.252
6.2597
6.2558
6.2507
6.2494
6.2443
6.2545
6.2661
6.2494
6.243
6.2545
6.2494
6.2494
6.2481
6.2481
6.2456
6.2494
6.2481
6.252
6.243
6.2456
6.2456
6.2456
6.2417
6.252
6.2481
6.2443
6.2468
6.2545
6.2507
6.2481
6.2468
6.2481
6.2481
6.2468
6.2468
6.2468
6.2481
6.252
6.252
6.2545
6.2558
6.2597
6.2507
6.252
6.2468
6.2481
6.2456
6.2468
6.2443
6.2443
6.2481
6.2584
6.2545
6.2584
6.2443
6.2661
6.2673
6.2673
6.2673
6.2584
6.2635
6.2558
6.2648
6.2545
6.2635
6.252
6.2507
6.252
6.2584
6.252
6.2545
6.2558
6.2533
6.2584
6.252
6.2584
6.252
6.2558
6.2545
6.2648
6.2558
6.2584
6.2545
6.2597
6.2533
6.2533
6.2507
6.2571
6.2571
6.2533
6.2481
6.2545
6.2558
6.252
6.252
6.2635
6.2686
6.2686
6.2725
6.2622
6.2584
6.2571
6.2686
6.2571
6.2558
6.2533
6.2584
6.2571
6.2622
6.2622
6.2571
6.2622
6.2609
6.2609
6.2533
6.2661
6.2609
6.2686
6.2609
6.2712
6.2597
6.2571
6.252
6.2673
6.2609
6.2597
6.2648
6.2609
6.2661
6.2725
6.275
6.2622
6.2776
6.2661
6.2776
6.2827
6.2827
6.275
6.2673
6.2673
6.2635
6.2725
6.2737
6.2737
6.2699
6.2776
