27.614
27.626
27.633
27.617
27.732
27.743
27.731
27.69
27.665
27.647
27.658
27.707
27.772
27.816
27.848
27.842
27.864
27.811
27.791
27.778
27.755
27.737
27.715
27.72
27.72
27.761
27.765
27.752
27.737
27.706
27.69
27.675
27.651
27.65
27.64
27.66
27.655
27.643
27.645
27.651
27.645
27.631
27.615
27.599
27.645
27.69
27.787
27.834
27.877
27.884
27.864
27.847
27.809
27.787
27.75
27.727
27.723
27.745
27.784
27.791
27.795
27.796
27.775
27.761
27.77
27.791
27.795
27.796
27.775
27.761
27.77
27.751
27.734
27.722
27.763
27.868
27.855
27.865
27.839
27.852
27.88
27.96
28.047
28.278
28.285
28.268
28.24
28.127
28.078
28.032
27.985
27.948
27.934
27.903
27.896
27.889
27.896
27.873
27.839
27.834
27.834
27.843
27.866
27.861
27.839
27.841
27.846
27.837
27.859
27.803
27.784
27.793
27.767
27.753
27.749
27.74
27.734
27.732
27.712
27.707
27.695
27.697
27.727
27.679
27.659
27.667
27.654
27.671
27.649
27.67
27.663
27.639
27.633
27.625
27.593
27.601
27.603
27.601
27.579
27.611
27.624
27.624
27.631
27.616
27.624
27.611
27.613
27.622
27.581
27.577
27.574
27.576
27.572
27.606
27.638
27.695
27.713
27.729
27.731
27.726
27.708
27.712
27.661
27.704
27.689
27.481
27.669
27.617
27.59
27.579
27.57
27.555
27.568
27.582
27.556
27.577
27.536
27.556
27.549
27.547
27.551
27.541
27.515
27.514
27.515
27.504
27.482
27.504
27.513
27.505
27.485
27.468
27.467
27.451
27.479
27.547
27.554
27.547
27.645
27.658
27.719
27.759
27.806
27.783
27.78
27.731
27.731
27.7
27.666
27.646
27.623
27.61
27.608
27.588
27.576
27.569
27.572
27.579
27.545
27.564
27.535
27.551
27.545
27.591
27.629
27.663
27.683
27.696
27.701
27.655
27.617
27.62
27.617
27.614
27.6
27.62
27.615
27.609
27.591
27.61
27.59
27.569
27.545
27.593
27.574
27.556
27.533
27.55
27.535
27.52
27.529
27.503
27.5
27.509
27.49
27.509
27.519
27.479
27.599
27.56
27.547
27.559
27.535
27.531
27.495
27.49
27.495
27.478
27.51
27.554
27.638
27.701
27.748
27.75
27.733
27.711
27.669
27.638
27.642
27.593
27.565
27.541
27.517
27.533
27.506
27.52
27.458
27.602
27.556
27.518
27.503
27.524
27.514
27.474
27.451
27.472
27.423
27.419
27.395
27.401
27.404
27.395
27.39
27.453
27.503
27.528
27.529
27.517
27.511
27.491
27.467
27.417
27.418
27.415
27.397
27.387
27.399
27.386
27.369
27.367
27.374
27.342
27.327
27.376
27.363
27.349
27.349
27.351
27.319
27.307
27.3
27.319
27.319
27.313
27.317
27.307
27.305
27.292
27.295
27.364
27.459
27.536
27.581
27.611
27.613
27.592
27.59
27.541
27.506
27.5
27.476
27.463
27.477
27.558
27.586
27.559
27.558
27.508
27.518
27.482
27.499
27.451
27.471
27.428
27.442
27.383
27.391
27.397
27.372
27.389
27.426
27.49
27.49
27.504
27.486
27.486
27.464
27.483
27.524
27.623
27.727
27.791
27.813
27.823
27.814
27.81
27.815
27.814
27.802
27.74
27.731
27.678
27.677
27.75
27.859
27.959
28.012
28.019
28.014
27.989
27.959
27.98
27.987
28.065
28.246
28.261
28.352
28.454
28.478
28.478
28.424
28.39
28.383
28.424
28.493
28.537
28.561
28.716
28.653
28.604
28.531
28.493
28.453
28.5
28.607
28.761
28.848
28.867
28.85
28.85
28.826
28.769
28.749
28.685
28.586
28.524
28.466
28.484
28.468
28.48
28.485
28.49
28.477
28.493
28.486
28.513
28.57
28.653
28.717
28.727
28.712
28.655
28.612
28.563
28.544
28.518
28.509
28.516
28.559
28.613
28.599
28.618
28.617
28.608
28.576
28.561
28.543
28.524
28.516
28.515
28.504
28.504
28.471
28.516
28.538
28.57
28.591
28.607
28.591
28.597
28.563
28.577
28.534
28.566
28.562
28.527
28.521
28.536
28.55
28.575
28.576
28.543
28.532
28.54
28.561
28.616
28.661
28.673
28.675
28.671
28.635
28.64
28.68
28.781
28.89
28.953
28.969
28.96
28.928
28.892
28.848
28.819
28.805
28.772
28.746
28.739
28.739
28.755
28.778
28.794
28.832
28.885
28.905
28.899
28.896
28.899
28.863
28.923
29.032
29.127
29.405
29.426
29.429
29.385
29.3
29.265
29.281
29.354
29.386
29.421
29.466
29.487
29.502
29.482
29.436
29.371
29.309
29.274
29.259
29.38
29.548
29.801
29.861
29.861
29.799
29.694
29.571
29.469
29.391
29.352
29.362
29.404
29.425
29.476
29.445
29.435
29.372
29.361
29.303
29.311
29.263
29.248
29.226
29.223
29.186
29.195
29.188
29.182
29.159
29.163
29.172
29.162
29.135
29.168
29.244
29.334
29.475
29.521
29.551
29.528
29.486
29.444
29.384
29.335
29.303
29.273
29.244
29.238
29.238
29.236
29.229
29.22
29.209
29.213
29.227
29.206
29.2
29.195
29.19
29.213
29.263
29.23
29.215
29.234
29.193
29.211
29.174
29.153
29.143
29.145
29.131
29.112
29.106
29.122
29.129
29.118
29.097
29.121
29.108
29.097
29.068
29.081
29.099
29.099
29.109
29.109
29.118
29.124
29.203
29.298
29.327
29.341
29.335
29.398
29.372
29.33
29.29
29.254
29.225
29.204
29.19
29.189
29.194
29.2
29.176
29.185
29.216
29.244
29.234
29.213
29.195
29.212
29.177
29.153
29.167
29.166
29.131
29.188
29.195
29.22
29.209
29.222
29.222
29.199
29.17
29.167
29.17
29.174
29.181
29.2
29.293
29.358
29.463
29.503
29.512
29.484
29.453
29.404
29.361
29.311
29.303
29.279
29.267
29.264
29.248
29.238
29.241
29.314
29.448
29.592
29.678
29.756
29.813
29.869
29.873
29.884
29.869
29.829
29.782
29.751
29.724
29.65
29.637
29.645
29.641
29.688
29.669
29.64
29.58
29.553
29.522
29.51
29.489
29.567
29.604
29.651
29.677
29.736
29.741
29.7
29.69
29.635
29.627
29.572
29.533
29.504
29.496
29.478
29.449
29.446
29.439
29.434
29.444
29.537
29.656
29.758
29.777
29.77
29.747
29.687
29.633
29.585
29.548
29.553
29.662
29.863
30.022
30.087
30.26
30.231
30.168
30.052
29.944
29.874
29.79
29.746
29.709
29.716
29.677
29.694
29.658
29.648
29.622
29.632
29.621
29.626
29.64
29.649
29.663
29.791
29.89
29.944
29.947
29.946
29.908
29.858
29.789
29.785
29.785
29.771
29.766
29.794
29.912
30.014
30.076
30.108
30.16
30.17
30.157
30.109
30.079
29.994
29.935
29.936
29.922
29.856
29.818
29.822
29.777
29.774
29.776
29.766
29.758
29.748
29.728
29.722
29.712
29.714
29.705
29.714
29.716
29.721
29.581
29.513
29.289
29.021
29.267
29.307
29.306
29.248
29.206
29.371
29.352
29.362
29.354
29.386
29.395
29.4
29.386
29.399
29.364
29.34
29.316
29.344
29.329
29.33
29.311
29.307
29.3
29.313
29.366
29.426
29.485
29.53
29.514
29.53
29.528
29.503
29.502
29.507
29.559
29.715
29.747
29.717
29.688
29.645
29.617
29.58
29.592
29.618
29.683
29.722
29.727
29.742
29.77
29.905
30.055
30.366
30.357
30.385
30.473
30.537
30.543
30.56
30.648
30.615
30.631
30.617
30.575
30.519
30.422
30.371
30.31
30.238
30.178
30.151
30.109
30.095
30.082
30.115
30.112
30.159
30.16
30.192
30.234
30.256
30.271
30.285
30.267
30.319
30.411
30.503
30.533
30.536
30.492
30.434
30.371
30.32
30.273
30.282
30.37
30.44
30.498
30.495
30.538
30.589
30.649
30.694
30.709
30.675
30.679
30.702
30.718
30.686
30.633
30.576
30.567
30.625
30.656
30.668
30.634
30.58
30.503
30.435
30.406
30.355
30.366
30.339
30.32
30.302
30.26
30.255
30.235
30.243
30.258
30.32
30.338
30.334
30.347
30.498
30.671
