11.909
11.919
11.964
12.207
12.487
12.762
12.889
12.915
12.893
12.829
12.765
12.687
12.626
12.578
12.55
12.551
12.556
12.567
12.584
12.61
12.63
12.644
12.693
12.715
12.753
12.875
13.04
13.229
13.301
13.452
13.571
13.714
13.696
13.665
13.768
13.932
14.005
14.06
14.025
13.944
13.873
14.007
14.442
14.629
14.918
14.865
14.746
14.581
14.371
14.239
14.199
14.206
14.183
14.138
14.1
14.069
14.027
13.988
13.987
13.987
13.988
13.987
13.998
14.042
14.326
14.804
15.124
15.446
15.46
15.395
15.282
15.119
14.978
14.848
14.765
14.712
14.688
14.677
14.675
14.684
14.699
14.707
14.717
14.735
14.747
14.761
14.777
14.816
14.972
15.336
15.627
15.951
16.007
16.055
15.964
15.843
15.75
15.688
15.663
15.72
15.763
15.77
15.783
15.791
15.764
15.729
15.724
15.733
15.731
15.736
15.743
15.778
15.788
15.798
15.838
15.843
15.869
15.892
15.932
16.015
16.146
16.24
16.286
16.301
16.292
16.298
16.28
16.261
16.231
16.199
16.176
16.133
16.094
16.049
15.992
15.918
15.85
15.777
15.704
15.629
15.583
15.572
15.579
15.57
15.544
15.481
15.404
15.309
15.21
15.112
15.017
14.995
15.168
15.482
15.669
15.729
15.66
15.515
15.304
15.085
14.923
14.683
14.543
14.437
14.322
14.307
14.443
14.582
14.604
14.558
14.482
14.363
14.252
14.148
14.039
13.932
13.811
13.724
13.667
13.67
13.808
13.986
14.098
14.11
14.048
13.94
13.882
14.094
14.385
14.496
14.544
14.45
14.279
14.066
13.91
13.713
13.601
13.512
13.443
13.344
13.272
13.203
13.143
13.099
13.107
13.157
13.203
13.257
13.291
13.336
13.385
13.445
13.533
13.727
13.961
14.084
14.244
14.242
14.23
14.186
14.142
14.101
14.194
14.507
14.9
15.063
15.164
15.075
14.93
14.731
14.515
14.401
14.125
13.986
13.909
13.763
13.688
13.63
13.587
13.529
13.467
13.398
13.335
13.259
13.195
13.18
13.293
13.494
13.656
13.688
13.644
13.586
13.486
13.389
13.314
13.264
13.259
13.314
13.344
13.322
13.296
13.271
13.225
13.168
13.102
13.058
13.02
12.975
12.896
12.85
12.809
12.801
12.799
12.789
12.769
12.741
12.695
12.645
12.593
12.6
12.887
13.288
13.531
13.692
13.677
13.601
13.469
13.3
13.154
13.026
12.945
12.9
12.97
13.198
13.455
13.564
13.705
13.709
13.695
13.651
13.603
13.572
13.568
13.592
13.641
13.686
13.71
13.717
13.718
13.704
13.711
13.751
13.787
13.813
13.834
13.845
13.878
13.929
14.097
14.51
14.827
14.93
14.933
14.898
14.822
14.73
14.635
14.581
14.549
14.544
14.536
14.544
14.552
14.568
14.584
14.604
14.622
14.63
14.655
14.7
14.782
14.819
14.874
14.894
14.892
14.845
14.786
14.717
14.714
14.836
14.96
14.996
15.028
14.911
14.794
14.648
14.521
14.479
14.631
14.79
14.854
14.826
14.755
14.652
14.517
14.379
14.256
14.148
14.073
14
13.948
13.898
13.875
13.836
13.785
13.738
13.692
13.644
13.592
13.543
13.557
13.799
14.165
14.397
14.464
14.436
14.338
14.19
14.017
13.825
13.692
13.587
13.497
13.443
13.385
13.322
13.281
13.218
13.161
13.115
13.085
13.05
13.167
13.585
14.012
14.341
14.424
14.387
14.253
14.039
13.804
13.587
13.428
13.277
13.184
13.111
13.045
13.006
12.958
12.928
12.899
12.892
12.923
12.987
13.026
13.081
13.115
13.166
13.22
13.239
13.284
13.338
13.387
13.412
13.443
13.466
13.555
13.604
13.71
13.829
13.891
13.918
13.936
13.941
13.956
13.966
13.968
14.032
14.048
14.123
14.456
14.629
15.131
15.623
15.801
15.764
15.643
15.457
15.352
15.346
15.324
15.276
15.223
15.191
15.131
15.103
15.071
15.08
15.089
15.089
15.114
15.135
15.151
15.181
15.268
15.484
15.719
15.911
16.02
16.143
16.135
16.087
16.049
16.015
15.979
15.964
15.966
15.976
15.984
15.993
16.012
16.038
16.061
16.089
16.148
16.198
16.233
16.257
16.271
16.283
16.359
16.468
16.555
16.697
16.699
16.695
16.682
16.664
16.651
16.644
16.663
16.834
17.146
17.649
18.018
18.181
18.123
17.99
17.813
17.634
17.497
17.374
17.302
17.294
17.293
17.289
17.289
17.28
17.289
17.294
17.338
17.376
17.448
17.538
17.616
17.666
17.704
17.73
17.743
17.722
17.703
17.698
17.686
17.689
17.695
17.723
17.754
17.791
17.819
17.817
17.828
17.839
17.853
17.843
17.901
18.073
18.507
18.908
19.047
19.191
19.121
19
18.84
18.676
18.54
18.456
18.256
18.14
18.049
17.987
17.887
17.803
17.734
17.658
17.586
17.557
17.533
17.54
17.522
17.492
17.401
17.334
17.252
17.183
17.086
17.007
16.918
16.855
16.789
16.69
16.622
16.649
16.848
17.08
17.227
17.227
17.159
17.06
16.901
16.745
16.618
16.504
16.403
16.323
16.239
16.183
16.136
16.057
15.994
15.92
15.877
15.848
15.811
15.759
15.697
15.65
15.59
15.544
15.469
15.404
15.379
15.502
15.687
15.787
15.794
15.724
15.637
15.516
15.37
15.238
15.126
15.042
14.955
14.862
14.798
14.743
14.699
14.647
14.608
14.575
14.521
14.469
14.42
14.385
14.343
14.299
14.27
14.247
14.222
14.183
14.143
14.138
14.128
14.088
14.038
13.997
13.977
13.963
13.996
14.054
14.078
14.053
14.046
14.008
13.958
13.894
13.903
14.058
14.29
14.442
14.452
14.361
14.262
14.131
14
13.877
13.758
13.662
13.584
13.551
13.581
13.621
13.612
13.58
13.53
13.462
13.392
13.321
13.28
13.223
13.168
13.149
13.109
13.107
13.084
13.071
13.07
13.05
13.007
12.992
13.054
13.241
13.509
13.706
13.814
13.863
13.887
13.897
13.879
13.865
13.861
13.868
13.934
14.037
14.249
14.317
14.349
14.352
14.347
14.333
14.318
14.323
14.332
14.338
14.35
14.372
14.387
14.401
14.413
14.426
14.445
14.459
14.482
14.581
14.598
14.623
14.639
14.663
14.691
14.71
14.73
14.753
14.784
14.809
14.819
14.816
14.849
14.873
14.901
14.913
14.93
14.946
14.96
14.96
14.973
15.076
15.083
15.108
15.119
15.136
15.156
15.171
15.199
15.212
15.226
15.25
15.273
15.296
15.317
15.326
15.351
15.368
15.379
15.387
15.397
15.406
15.423
15.441
15.498
15.824
16.12
16.543
16.825
16.85
16.817
16.804
16.754
16.644
16.504
16.353
16.234
16.139
16.122
16.247
16.457
16.581
16.598
16.551
16.48
16.403
16.322
16.245
16.203
16.158
16.134
16.112
16.099
16.09
16.093
16.099
16.098
16.099
16.101
16.102
16.107
16.117
16.15
16.198
16.314
16.477
16.598
16.642
16.65
16.645
16.591
16.55
16.504
16.471
16.44
16.434
16.416
16.416
16.426
16.414
16.428
16.428
16.435
16.435
16.444
16.449
16.464
16.454
16.467
16.486
16.565
16.773
16.996
17.224
17.297
17.293
17.249
17.167
17.09
17.014
16.935
16.889
16.858
16.836
16.816
16.802
16.79
16.782
16.775
16.776
16.784
16.798
16.812
16.923
17.072
17.197
17.233
17.227
17.195
17.147
17.103
17.055
17.023
16.992
16.991
16.974
16.972
16.976
16.976
16.996
17.067
17.223
17.357
17.434
17.456
17.446
17.398
17.342
17.279
17.233
17.208
17.205
17.202
17.201
17.201
17.2
17.173
17.068
16.987
16.896
16.817
16.709
16.613
16.536
16.474
16.44
16.518
16.551
16.595
16.606
16.554
16.4
16.252
16.104
16.071
15.937
15.773
15.696
15.617
15.593
15.503
15.444
15.396
15.324
15.172
15.123
15.089
15.063
15.022
14.941
14.831
14.752
14.69
14.642
14.557
14.461
14.354
14.278
14.201
14.119
14.039
13.957
13.884
13.836
13.779
13.736
13.718
13.692
13.654
13.622
13.574
13.503
13.419
13.252
13.104
12.94
12.794
