25.102
25.07
25.121
25.163
25.112
25.043
25.029
24.974
24.958
24.934
24.929
24.908
24.9
24.865
24.866
24.838
24.837
24.842
24.823
24.818
24.843
24.809
24.766
24.747
24.752
24.727
24.695
24.697
24.687
24.729
24.775
24.797
24.788
24.802
24.8
24.77
24.779
24.729
24.716
24.7
24.688
24.689
24.678
24.659
24.637
24.632
24.615
24.605
24.592
24.586
24.593
24.586
24.575
24.609
24.632
24.564
24.551
24.488
24.474
24.468
24.451
24.454
24.465
24.511
24.549
24.565
24.606
24.595
24.584
24.597
24.77
24.66
24.623
24.545
24.541
24.479
24.49
24.451
24.449
24.409
24.424
24.408
24.409
24.41
24.391
24.381
24.355
24.345
24.327
24.308
24.304
24.294
24.269
24.292
24.267
24.244
24.259
24.207
23.953
24.357
24.31
24.229
24.234
24.169
24.182
24.138
24.145
24.16
24.192
24.22
24.307
24.392
24.434
24.446
24.452
24.438
24.4
24.389
24.374
24.354
24.319
24.311
24.305
24.295
24.291
24.278
24.27
24.269
24.272
24.264
24.261
24.268
24.275
24.298
24.274
24.254
24.227
24.218
24.224
24.2
24.193
24.2
24.22
24.211
24.196
24.183
24.175
24.173
24.14
24.146
24.128
24.131
24.115
24.106
24.117
24.134
24.145
24.081
24.182
24.265
24.215
24.158
24.138
24.117
24.083
24.097
24.079
24.055
24.079
24.058
24.06
24.014
24.009
24.019
23.973
23.99
23.983
23.962
23.946
23.932
23.923
23.88
23.854
23.894
23.855
23.741
23.885
23.791
23.903
23.854
23.837
23.826
23.84
23.821
23.795
23.793
23.784
23.712
23.696
23.679
23.672
23.671
23.689
23.698
23.663
23.68
23.676
23.65
23.634
23.63
23.627
23.616
23.593
23.661
23.648
23.622
23.636
23.62
23.595
23.577
23.566
23.547
23.484
23.478
23.467
23.474
23.466
23.466
23.493
23.458
23.435
23.424
23.403
23.374
23.382
23.369
23.361
23.366
23.373
23.371
23.376
23.362
23.327
23.301
23.288
23.298
23.342
23.376
23.371
23.397
23.357
23.521
23.46
23.387
23.347
23.337
23.344
23.435
23.555
23.677
23.743
23.812
23.79
23.806
23.793
23.753
23.743
23.717
23.729
23.694
23.685
23.684
23.661
23.676
23.649
23.645
23.63
23.613
23.608
23.622
23.607
23.537
23.556
23.674
23.571
23.531
23.492
23.452
23.449
23.543
23.683
23.744
23.791
23.849
23.867
23.844
23.84
23.825
23.812
23.789
23.753
23.735
23.721
23.68
23.651
23.658
23.629
23.601
23.61
23.607
23.584
23.589
23.593
23.579
23.583
23.547
23.538
23.51
23.501
23.496
23.478
23.479
23.456
23.482
23.449
23.458
23.448
23.446
23.421
23.405
23.403
23.391
23.382
23.369
23.375
23.38
23.343
23.338
23.341
23.28
23.558
23.487
23.522
23.54
23.598
23.624
23.652
23.635
23.661
23.635
23.578
23.515
23.543
23.617
23.643
23.679
23.694
23.703
23.709
23.693
23.654
23.625
23.636
23.62
23.607
23.597
23.599
23.607
23.621
23.681
23.885
24.068
24.315
24.464
24.517
24.53
24.575
24.843
24.907
24.946
24.923
24.888
24.908
25.084
25.532
25.685
26.081
26.279
26.247
26.35
26.493
26.493
26.445
26.344
26.157
25.98
25.885
25.907
26.268
26.587
27.012
27.126
27.299
27.283
27.423
27.576
27.754
27.655
27.427
27.111
26.996
27.051
27.261
27.363
27.293
27.18
26.95
26.649
26.459
26.124
26.18
26.293
26.41
26.465
26.798
26.959
27.096
27.216
27.244
27.231
27.385
27.703
28.204
28.662
28.801
28.565
28.205
27.981
27.482
26.981
26.491
26.042
25.696
25.643
25.705
25.793
25.839
25.911
25.852
25.837
25.83
25.732
25.704
25.682
25.572
25.504
25.38
25.347
25.345
25.296
25.266
25.21
25.086
25.052
24.888
24.811
24.771
24.738
24.686
24.68
24.669
24.646
24.648
24.624
24.614
24.591
24.584
24.583
24.575
24.577
24.591
24.579
24.558
24.549
24.404
24.37
24.387
24.442
24.441
24.429
24.5
24.473
24.394
24.356
24.335
24.347
24.35
24.341
24.301
24.317
24.3
24.242
24.255
24.272
24.219
24.26
24.296
24.327
24.34
24.331
24.411
24.509
24.552
24.678
24.773
24.744
24.729
24.684
24.68
24.573
24.527
24.546
24.519
24.491
24.464
24.456
24.42
24.383
24.351
24.324
24.31
24.289
24.312
24.419
24.433
24.438
24.45
24.41
24.429
24.418
24.523
24.666
24.811
24.901
24.953
24.956
24.942
24.894
24.832
24.803
24.725
24.675
24.66
24.668
24.671
24.634
24.623
24.609
24.573
24.6
24.673
24.733
24.747
24.765
24.743
24.729
24.597
24.523
24.478
24.458
24.422
24.404
24.374
24.349
24.347
24.34
24.292
24.267
24.283
24.306
24.24
24.219
24.242
24.309
24.282
24.241
24.21
24.222
24.204
24.186
24.164
24.169
24.155
24.145
24.139
24.135
24.131
24.131
24.131
24.121
24.118
24.123
24.13
24.117
24.118
24.113
24.117
24.113
24.103
24.103
24.1
24.099
24.096
24.081
24.08
24.085
24.085
24.085
24.089
24.1
24.177
24.429
24.629
24.72
24.732
24.728
24.637
24.581
24.5
24.46
24.408
24.442
24.423
24.418
24.408
24.427
24.399
24.333
24.287
24.269
24.249
24.218
24.271
24.362
24.461
24.566
24.596
24.542
24.52
24.44
24.382
24.326
24.286
24.256
24.265
24.406
24.655
24.873
25.003
25.06
25.234
25.179
25.084
24.942
24.806
24.733
24.835
25.048
25.222
25.336
25.349
25.3
25.217
25.138
25.043
24.974
24.905
24.835
24.797
24.784
24.707
24.686
24.645
24.637
24.625
24.615
24.604
24.605
24.599
24.588
24.581
24.565
24.564
24.54
24.468
24.433
24.411
24.44
24.46
24.445
24.508
24.527
24.497
24.523
24.509
24.46
24.406
24.35
24.306
24.287
24.265
24.241
24.227
24.23
24.209
24.185
24.189
24.175
24.191
24.21
24.289
24.318
24.309
24.314
24.341
24.355
24.304
24.256
24.231
24.217
24.195
24.207
24.217
24.264
24.305
24.341
24.319
24.35
24.39
24.429
24.426
24.438
24.442
24.413
24.379
24.355
24.323
24.31
24.331
24.315
24.367
24.519
24.777
24.981
25.021
25.012
24.956
24.901
24.818
24.719
24.652
24.618
24.602
24.591
24.628
24.642
24.663
24.664
24.639
24.654
24.65
24.652
24.632
24.651
24.632
24.587
24.545
24.555
24.598
24.624
24.602
24.591
24.577
24.546
24.519
24.533
24.584
24.646
24.683
24.737
24.719
24.687
24.63
24.609
24.56
24.499
24.456
24.437
24.441
24.435
24.437
24.408
24.513
24.711
24.993
25.144
25.459
25.454
25.403
25.499
25.667
26.085
26.33
26.28
26.176
25.974
25.705
25.537
25.251
25.145
25.059
25.011
24.864
24.791
24.775
24.807
24.897
24.949
24.957
24.989
24.952
24.901
24.83
24.833
24.789
24.753
24.705
24.679
24.646
24.624
24.632
24.599
24.582
24.568
24.575
24.55
24.487
24.552
24.702
24.841
24.902
24.917
24.882
24.885
24.824
24.755
24.682
24.666
24.613
24.59
24.555
24.536
24.509
24.517
24.452
24.442
24.446
24.428
24.401
24.419
24.408
24.39
24.364
24.392
24.358
24.358
24.338
24.341
24.315
24.303
24.305
24.29
24.289
24.322
24.35
24.41
24.442
24.456
24.438
24.417
24.397
24.381
24.356
24.359
24.36
24.387
24.378
24.351
24.338
24.346
24.319
24.349
24.341
24.321
24.276
24.264
24.262
24.26
24.249
24.224
24.254
24.219
24.217
24.203
24.194
24.181
24.177
24.18
24.153
24.153
24.135
24.135
24.131
24.137
24.198
24.134
24.149
24.148
24.19
24.203
24.209
24.196
24.189
24.227
24.231
24.191
24.158
24.14
24.127
24.116
24.134
24.1
24.098
24.093
24.075
24.061
24.054
24.058
24.048
23.987
23.983
24
24.013
24.015
24.031
24.012
24.027
24.019
24.031
24.042
24.07
