9.403
9.38
9.4017
9.7886
10.115
10.62
11.122
11.622
11.753
11.61
11.809
11.913
11.867
11.653
11.383
10.984
10.859
10.357
9.859
9.4757
9.3643
9.1917
9.1097
9.0469
8.9957
8.9662
9.0393
9.2135
9.4966
9.9179
10.115
10.385
10.343
10.215
10.046
9.8881
9.7421
9.6217
9.5384
9.4744
9.4424
9.5503
9.795
9.9897
10.137
10.135
10.089
9.9944
9.8894
9.7895
9.7191
9.6653
9.6243
9.5897
9.5718
9.5602
9.5794
9.6768
9.8407
9.9727
10.014
10.035
10.153
10.302
10.376
10.368
10.321
10.321
10.502
10.774
10.963
11.182
11.286
11.244
11.099
10.924
10.774
10.664
10.58
10.515
10.541
10.825
11.262
11.549
11.697
11.651
11.681
12.05
12.378
12.404
12.291
12.095
11.796
11.483
11.359
11.101
10.996
10.943
10.904
10.897
10.957
11.053
11.114
11.134
11.134
11.103
11.059
10.99
10.931
10.869
10.812
10.753
10.694
10.647
10.602
10.541
10.493
10.436
10.394
10.346
10.355
10.4
10.435
10.409
10.361
10.292
10.22
10.27
10.576
10.925
11.085
11.155
11.063
10.888
10.707
10.658
10.765
10.843
10.798
10.667
10.514
10.368
10.206
10.22
10.346
10.444
10.452
10.389
10.261
10.131
10.067
10.113
10.159
10.143
10.077
9.9858
9.8885
9.7857
9.7114
9.6601
9.6179
9.5782
9.5333
9.4898
9.4475
9.4133
9.3659
9.3351
9.2967
9.2634
9.2429
9.2288
9.2109
9.184
9.1558
9.1315
9.0982
9.07
9.0405
9.0149
8.9893
8.9547
8.9599
9.0022
9.0444
9.0803
9.0969
9.1123
9.1174
9.129
9.1315
9.1418
9.1495
9.1597
9.1674
9.1751
9.2302
9.5183
10.088
10.605
10.996
11.029
10.889
10.655
10.39
10.119
9.9154
9.7664
9.6717
9.5974
9.5538
9.5192
9.5013
9.4859
9.4847
9.4834
9.4744
9.4782
9.4782
9.4834
9.4885
9.4949
9.5154
9.573
9.6486
9.6832
9.6986
9.6947
9.6896
9.6781
9.6589
9.6537
9.6486
9.646
9.6435
9.6512
9.6537
9.6589
9.6653
9.6704
9.6755
9.6806
9.6896
9.746
10.105
10.603
11.121
11.62
11.797
11.638
11.396
11.096
10.872
10.569
10.404
10.288
10.205
10.145
10.1
10.074
10.046
10.031
10.024
10.017
10.024
10.014
10.027
10.031
10.072
10.118
10.168
10.205
10.227
10.228
10.225
10.225
10.292
10.434
10.621
10.743
10.803
10.797
10.765
10.704
10.647
10.602
10.571
10.555
10.546
10.551
10.733
11.081
11.503
11.754
11.838
11.802
11.709
11.616
11.542
11.462
11.388
11.338
11.288
11.243
11.21
11.189
11.219
11.529
12.099
12.613
12.977
13.036
12.929
12.754
12.867
13.17
13.26
13.183
13.011
12.772
12.495
12.362
12.079
11.963
11.861
11.78
11.716
11.677
11.621
11.551
11.493
11.428
11.366
11.3
11.236
11.17
11.098
11.046
10.983
11.069
11.373
11.668
11.807
11.812
11.72
11.56
11.365
11.173
11.015
10.895
10.781
10.699
10.626
10.556
10.478
10.405
10.344
10.287
10.225
10.164
10.113
10.067
10.015
9.9717
9.933
9.8971
9.8638
9.8382
9.7921
9.7549
9.7088
9.664
9.6268
9.5897
9.5564
9.509
9.4667
9.4286
9.3902
9.3543
9.3185
9.3044
9.435
9.7015
9.9461
10.055
10.124
10.065
9.9547
9.8138
9.6781
9.5628
9.4744
9.4091
9.3543
9.298
9.2532
9.2237
9.1891
9.1571
9.1289
9.1033
9.0738
9.0521
9.2006
9.5823
9.9717
10.233
10.269
10.199
10.051
9.8612
9.6922
9.5858
9.5167
9.4782
9.4193
9.3672
9.3031
9.2544
9.193
9.1507
9.1046
9.0674
9.0418
9.0188
9.0098
8.9957
8.9829
8.9816
8.9675
9.006
9.0713
9.129
9.1379
9.12
9.0944
9.0457
8.9996
8.9676
8.9368
8.9112
8.883
8.8574
8.8408
8.8177
8.7998
8.7818
8.7716
8.7549
8.7434
8.7383
8.7396
8.7319
8.7332
8.728
8.714
8.7037
8.6858
8.6704
8.6935
8.8126
9.0252
9.2327
9.3557
9.4043
9.4069
9.3646
9.3134
9.2609
9.2212
9.184
9.17
9.1533
9.152
9.1533
9.1623
9.1687
9.1981
9.2353
9.2596
9.2763
9.2814
9.2827
9.2801
9.2763
9.2827
9.2891
9.2839
9.2878
9.298
9.3083
9.3211
9.3224
9.3326
9.3365
9.339
9.3441
9.3518
9.3787
9.3903
9.4031
9.4082
9.4133
9.4236
9.4479
9.5106
9.5324
9.5465
9.5465
9.5542
9.5644
9.5644
9.5734
9.5734
9.5708
9.5695
9.5785
9.6169
9.8193
10.104
10.498
10.701
10.759
10.727
10.62
10.497
10.371
10.273
10.188
10.134
10.1
10.073
10.054
10.034
10.024
10.014
10.009
10.009
10.008
10.015
10.022
10.034
10.045
10.045
10.046
10.045
10.045
10.059
10.099
10.192
10.288
10.36
10.402
10.415
10.4
10.414
10.438
10.449
10.443
10.425
10.401
10.376
10.353
10.339
10.324
10.315
10.32
10.318
10.305
10.302
10.301
10.312
10.306
10.307
10.312
10.316
10.323
10.357
10.437
10.528
10.588
10.608
10.608
10.581
10.56
10.53
10.511
10.489
10.474
10.462
10.457
10.449
10.443
10.443
10.442
10.447
10.449
10.453
10.451
10.455
10.451
10.453
10.451
10.451
10.451
10.46
10.461
10.467
10.476
10.482
10.482
10.482
10.494
10.524
10.561
10.587
10.593
10.598
10.588
10.563
10.526
10.482
10.41
10.348
10.298
10.268
10.238
10.184
10.134
10.083
10.028
9.9794
9.9333
9.8958
9.8523
9.8113
9.7767
9.7434
9.728
9.687
9.6576
9.6255
9.5922
9.5615
9.5333
9.4962
9.4834
9.4475
9.4299
9.4991
9.7847
10.102
10.506
10.721
10.761
10.695
10.569
10.398
10.223
10.067
9.9333
9.8279
9.7524
9.6922
9.623
9.5782
9.5308
9.4923
9.4501
9.4184
9.3851
9.3543
9.33
9.3108
9.2916
9.2698
9.2532
9.2813
9.3428
9.3877
9.3966
9.3889
9.3582
9.3236
9.2788
9.2442
9.2083
9.1789
9.152
9.1366
9.1174
9.0982
9.0764
9.0623
9.0533
9.111
9.3697
9.7181
9.9833
10.167
10.194
10.137
10.02
9.8779
9.7331
9.6115
9.5167
9.4782
9.4847
9.5128
9.5128
9.4987
9.4629
9.4235
9.4056
9.4043
9.3928
9.3736
9.3531
9.3146
9.2775
9.2493
9.2199
9.1878
9.1622
9.1456
9.1379
9.1238
9.1059
9.0931
9.0802
9.0674
9.0495
9.0393
9.0252
9.0149
8.9995
8.9867
8.9701
8.9598
8.9573
8.9509
8.9445
8.9356
8.9509
8.9817
9.0252
9.0611
9.0816
9.0777
9.0624
9.0406
9.0188
8.9958
8.9727
8.9522
8.9381
8.9253
8.9176
8.9022
8.901
8.8869
8.883
8.8677
8.8625
8.851
8.851
8.8882
9.0982
9.4172
9.5875
9.8667
9.9038
9.8769
9.7924
9.663
9.5516
9.4555
9.3787
9.3313
9.2826
9.2941
9.4261
9.6131
9.7412
9.7873
9.7796
9.7309
9.6643
9.5913
9.517
9.4683
9.4286
9.3953
9.3761
9.3608
9.3441
9.3339
9.3262
9.3159
9.307
9.3044
9.3134
9.3889
9.4696
9.5196
9.5606
9.5478
9.5234
9.494
9.4658
9.4376
9.4235
9.4081
9.3992
9.3902
9.3864
9.38
9.371
9.3672
9.362
9.3672
9.3608
9.3672
9.362
9.3646
9.3684
9.3748
9.3838
9.3838
9.3838
9.3941
9.38
9.3812
9.38
9.3774
9.3736
9.3723
9.4325
9.7373
10.109
10.62
11.121
11.404
11.359
11.198
10.951
10.688
10.45
10.273
10.136
10.051
9.9679
9.915
9.8625
9.8241
9.7869
9.7562
9.7165
9.6704
9.6307
9.6051
9.6153
9.614
9.6076
9.5846
9.55
9.5103
9.4693
9.4325
9.3979
9.3646
9.3492
9.3185
9.2993
9.2647
9.2493
9.2237
9.2058
9.184
9.175
9.1545
9.1622
9.1994
9.3275
9.5439
9.7847
9.8936
9.9205
9.8795
9.818
9.7373
9.6515
9.5695
9.4952
9.4325
9.3774
9.3428
9.3223
9.3287
9.3313
9.3275
9.3134
9.289
9.266
9.2339
9.2058
9.1827
9.1622
9.1481
9.1289
9.1123
9.0956
9.0854
9.0815
9.0662
9.0623
9.0482
9.0367
9.0252
9.0264
9.0316
9.038
9.0277
9.029
9.0175
9.006
8.997
8.9855
8.9765
8.9662
8.9637
8.9599
8.9496
8.9394
8.9266
8.9253
8.9163
8.9112
8.8958
8.8933
8.8856
8.8792
8.8728
8.8728
8.8651
8.86
8.86
8.8497
8.842
8.8344
8.8292
8.8241
8.8177
8.8177
8.8203
8.8241
8.8254
8.8292
8.8356
