8.8433
8.8485
8.8292
8.4603
8.8613
8.8689
8.8869
8.9151
8.9855
9.0508
9.1033
9.1213
9.1328
9.1149
9.1059
9.0675
9.0457
9.0188
8.9919
8.9714
8.956
8.9381
8.9304
8.9125
8.9022
8.8958
8.8753
8.8638
8.8587
8.8497
8.8446
8.8356
8.8292
8.8151
8.8023
8.7857
8.7754
8.7678
8.7639
8.7524
8.7498
8.737
8.7293
8.7165
8.7114
8.7024
8.6947
8.6883
8.6858
8.6781
8.6717
8.6678
8.6602
8.655
8.6474
8.6358
8.6333
8.6294
8.623
8.6141
8.6089
8.5961
8.6
8.5923
8.5808
8.5692
8.5628
8.5077
8.3809
8.3737
8.5428
8.5556
8.5543
8.5517
8.5376
8.5338
8.5248
8.521
8.5146
8.5056
8.5005
8.4941
8.4851
8.4774
8.3967
8.2789
8.5082
8.4967
8.4941
8.4826
8.4813
8.489
8.5082
8.5223
8.5338
8.5338
8.53
8.5223
8.5133
8.5031
8.4864
8.4736
8.4608
8.4505
8.4352
8.4275
8.4211
8.4134
8.4057
8.3955
8.3967
8.4454
8.5543
8.6888
8.7913
8.8361
8.8386
8.8207
8.79
8.7528
8.7067
8.6683
8.6311
8.603
8.5761
8.553
8.5325
8.521
8.5095
8.5031
8.4902
8.4851
8.4749
8.4685
8.4621
8.4518
8.4454
8.43
8.4224
8.4172
8.357
8.3814
8.5709
8.8809
8.9386
8.965
8.9407
8.8907
8.8254
8.7767
8.7409
8.7165
8.6935
8.6768
8.6589
8.641
8.6205
8.5961
8.4001
8.5581
8.5786
8.5773
8.5748
8.5671
8.5633
8.5492
8.553
8.5389
8.5389
8.5261
8.5197
8.5056
8.4979
8.4928
8.4941
8.4826
8.4762
8.4698
8.4698
8.4659
8.4608
8.4518
8.4569
8.4544
8.4646
8.4762
8.4762
8.48
8.4749
8.4659
8.4621
8.4518
8.4454
8.4365
8.43
8.4211
8.4185
8.4134
8.4121
8.407
8.407
8.3929
8.3942
8.3801
8.3852
8.375
8.375
8.3673
8.3686
8.366
8.3596
8.357
8.3506
8.3494
8.3429
8.3353
8.334
8.334
8.2853
8.3096
8.3481
8.3378
8.3314
8.3353
8.3161
8.3122
8.3071
8.2994
8.2994
8.2981
8.2879
8.2904
8.2802
8.2815
8.2712
8.2725
8.2623
8.2597
8.2533
8.2546
8.2853
8.3506
8.43
8.2418
8.5184
8.5351
8.5453
8.5171
8.4954
8.4659
8.4454
8.4185
8.4031
8.3865
8.3737
8.3596
8.3545
8.3468
8.3365
8.3263
8.3212
8.3212
8.3135
8.3058
8.302
8.2956
8.2892
8.2866
8.2789
8.2789
8.2789
8.2648
8.2661
8.2584
8.2507
8.252
8.2482
8.2405
8.2405
8.2392
8.2264
8.2277
8.22
8.2187
8.2161
8.2161
8.2097
8.2033
8.1931
8.1931
8.1905
8.1854
8.1867
8.1816
8.1803
8.1816
8.1675
8.1662
8.1675
8.1713
8.1816
8.1892
8.1816
8.1752
7.8908
8.0487
8.2575
8.2741
8.2793
8.2882
8.2793
8.2703
8.2639
8.2447
8.2255
8.2101
8.1934
8.1742
8.1576
8.1371
8.1153
8.0999
8.0897
8.1025
8.1358
8.1806
8.2293
8.2498
8.246
8.2357
8.2229
8.1999
8.1806
8.1589
8.1371
8.114
8.0935
8.0782
8.0692
8.0538
8.0474
8.0372
8.0231
8.0116
8.0167
8.0077
8.0039
8.0026
7.9885
7.9783
7.9706
7.9552
7.9411
7.9296
7.9232
7.9091
7.9014
7.8976
7.8924
7.8886
7.8899
7.8912
7.8976
7.9001
7.8937
7.8848
7.872
7.8643
7.8553
7.854
7.8489
7.8399
7.8566
7.9526
8.1179
8.2805
8.383
8.4381
8.4851
8.4569
8.407
8.3481
8.2815
8.2507
8.2213
8.2046
8.2008
8.188
8.1816
8.1713
8.1649
8.1547
8.1508
8.129
8.1111
8.0893
8.0752
8.0586
8.0458
8.0266
8.0125
8.0048
7.9997
7.9984
8.0343
8.0868
8.1419
8.1585
8.1611
8.1457
8.1201
8.0945
8.0714
8.0535
8.033
8.0227
8.0125
8.0074
7.9984
7.9958
7.9869
7.9907
7.9958
8.015
8.0304
8.0317
8.0381
8.0304
8.0266
8.0214
8.0214
8.0112
8.0048
7.9971
7.9946
7.9894
7.9881
7.9843
7.983
7.9881
7.9984
7.9933
7.9971
7.9894
7.9792
7.9779
7.9792
7.9728
7.9664
7.9638
7.9638
7.9638
7.9536
7.9497
7.9433
7.9514
7.9475
7.9437
7.945
7.9488
7.9437
7.9437
7.9424
7.9462
7.9488
7.945
7.9462
7.9501
7.9488
7.9488
7.9462
7.9437
7.9411
7.9347
7.9309
7.9296
7.927
7.9296
7.927
7.9206
7.9168
7.9193
7.9168
7.9142
7.9193
7.9117
7.9232
7.9168
7.9155
7.9104
7.9117
7.9117
7.9257
7.9322
7.9334
7.9373
7.9411
7.9398
7.9309
7.9245
7.9181
7.9219
7.9219
7.9181
7.9181
7.9219
7.9155
7.9245
7.9078
7.9065
7.9117
7.9091
7.9104
7.9104
7.9104
7.9078
7.9091
7.9065
7.9014
7.8988
7.8924
7.895
7.8873
7.8937
7.8848
7.8835
7.8784
7.8745
7.8771
7.9078
7.9655
8.0372
8.082
8.114
8.123
8.1217
8.1051
8.0807
8.0628
8.0449
8.0321
8.0244
8.0077
8.0026
7.9962
7.9872
7.9847
7.9834
7.9795
7.9808
8.0026
8.0269
8.0359
8.0346
8.0269
8.0141
7.9911
7.9719
7.9462
7.9219
7.9091
7.8937
7.8745
7.8566
7.8386
7.8182
7.8233
7.8079
7.8002
7.7887
7.7733
7.7631
7.7567
7.7477
7.7387
7.7272
7.7182
7.708
7.699
7.6913
7.6824
7.6811
7.6734
7.6696
7.6504
7.6491
7.644
7.6286
7.6311
7.635
7.6414
7.6657
7.6747
7.6798
7.6811
7.6773
7.6632
7.6491
7.6388
7.6363
7.6209
7.6158
7.6042
7.603
7.5914
7.5838
7.5774
7.5774
7.5658
7.5658
7.5556
7.5556
7.5492
7.5389
7.5364
7.5325
7.5261
7.521
7.5159
7.5107
7.5069
7.5005
7.4954
7.4915
7.4851
7.4813
7.4864
7.4826
7.4864
7.4928
7.4979
7.4992
7.5031
7.5069
7.5287
7.5376
7.5492
7.553
7.5607
7.5569
7.5466
7.5402
7.5415
7.5402
7.5479
7.5364
7.544
7.544
7.5325
7.5325
7.5274
7.5236
7.5171
7.5184
7.5159
7.5184
7.5031
7.5043
7.4992
7.4992
7.4992
7.4979
7.4941
7.4928
7.4915
7.4903
7.4877
7.4838
7.4813
7.4851
7.4813
7.4774
7.4749
7.4736
7.4762
7.4698
7.4685
7.4646
7.4621
7.4621
7.4569
7.4544
7.4531
7.4493
7.4531
7.4493
7.4544
7.5056
7.626
7.8117
7.9936
8.1166
8.1934
8.205
8.1742
8.1192
8.0628
8.0116
7.9731
7.9526
7.9411
7.9193
7.8988
7.8796
7.8566
7.8348
7.8246
7.8002
7.7849
7.7644
7.7451
7.7464
7.8002
7.8988
7.9898
8.041
8.0397
8.0218
7.9757
7.9283
7.8784
7.8348
7.7938
7.7618
7.7323
7.7106
7.7042
7.6849
7.6709
7.6491
7.6376
7.6235
7.6107
7.603
7.5914
7.585
7.5697
7.5645
7.5684
7.594
7.6504
7.7144
7.7515
7.7592
7.7515
7.7349
7.7067
7.6811
7.6555
7.6337
7.6107
7.5914
7.5838
7.5671
7.5607
7.5556
7.5684
7.5889
7.6094
7.6209
7.6158
7.6068
7.5889
7.5735
7.5569
7.5466
7.5338
7.5261
7.5095
7.5146
7.5415
7.5748
7.585
7.5914
7.5902
7.5812
7.5684
7.5556
7.5338
7.5223
7.512
7.5043
7.5018
7.5389
7.6273
7.7054
7.7592
7.7861
7.7861
7.7656
7.7285
7.6926
7.6965
7.8643
8.2485
8.5854
8.9975
9.1879
9.2199
9.1097
8.9535
8.7601
8.5974
8.4552
8.3553
8.2533
8.1982
8.1444
8.1034
8.0663
8.0445
8.0202
8.001
7.9728
7.9612
7.9459
7.9331
7.9373
7.9283
7.9142
7.8963
7.8899
7.8899
7.8899
7.8809
7.8796
7.8655
7.8579
7.8502
7.8566
7.8502
7.8438
7.8322
7.822
7.813
7.8028
7.7849
7.7823
7.8796
8.2447
8.5905
9.0897
9.5888
10.115
10.299
10.139
9.8715
9.582
9.3822
9.0943
8.988
9.029
9.1225
9.1699
9.2634
9.4581
9.6233
9.6707
9.6349
9.5414
9.421
9.2813
9.2788
9.5913
10.072
10.43
10.514
10.476
10.236
9.9551
9.6742
9.4539
9.3928
9.7002
10.114
10.62
11.007
11.18
11.148
10.953
10.62
10.378
9.9397
9.6781
9.4744
9.3553
9.2365
9.1584
9.1007
9.061
9.0188
9.0021
8.9739
8.956
8.9599
9.1904
9.5785
10.115
10.587
10.681
10.56
10.307
10.029
9.8667
9.6025
9.4731
9.3941
9.339
9.3095
9.2826
9.2583
9.3108
9.4837
9.6707
9.7719
9.7758
9.736
9.6489
9.5542
9.5132
9.5708
9.6208
9.6413
9.6208
9.5734
9.5119
9.444
9.3761
9.3134
9.2519
9.2032
9.1507
9.1187
9.0841
9.0444
9.0124
8.9855
8.9586
8.9343
8.9138
8.8856
8.8625
8.8356
8.8164
8.787
8.7614
8.7473
8.7242
8.7024
8.6947
8.6871
8.6691
8.6474
8.6333
8.6269
8.6281
8.6281
8.6281
8.6179
8.5974
8.5846
