0.25361
0.25489
0.25233
0.25873
0.28819
0.2613
0.25873
0.25745
0.25617
0.25745
0.25617
0.25617
0.25489
0.25745
0.25873
0.25745
0.25873
0.25745
0.25873
0.25617
0.25745
0.25745
0.25873
0.25873
0.25873
0.25745
0.26386
0.25873
0.25745
0.25745
0.25617
0.25745
0.25617
0.25617
0.25745
0.25745
0.25617
0.25745
0.25745
0.2613
0.25873
0.26002
0.2613
0.26258
0.26642
0.26514
0.26642
0.26642
0.26642
0.26514
0.26514
0.2677
0.26642
0.26642
0.26642
0.2677
0.26642
0.2677
0.26642
0.26642
0.26514
0.26642
0.26642
0.26514
0.26642
0.26514
0.25617
0.26514
0.26898
0.26898
0.27282
0.26642
0.26642
0.26514
0.26642
0.26642
0.26514
0.26642
0.26514
0.26386
0.26642
0.27282
0.26514
0.26514
0.26514
0.26514
0.27026
0.26642
0.26642
0.26514
0.26514
0.26642
0.27282
0.2677
0.2677
0.26898
0.2677
0.26898
0.27026
0.2677
0.2677
0.2677
0.26642
0.26514
0.26514
0.26514
0.26386
0.26514
0.26514
0.26642
0.26386
0.26642
0.26514
0.26514
0.26514
0.26514
0.26514
0.26386
0.26386
0.26386
0.26514
0.26386
0.26386
0.26386
0.26514
0.26386
0.26386
0.26386
0.26386
0.26386
0.26258
0.26258
0.26386
0.26386
0.26514
0.26642
0.26514
0.26514
0.26514
0.26514
0.26514
0.26386
0.26514
0.26386
0.26642
0.26642
0.25873
0.2677
0.28948
0.27539
0.26898
0.2677
0.27026
0.2677
0.2677
0.2677
0.2677
0.27026
0.26898
0.2677
0.2677
0.2677
0.26642
0.26642
0.2677
0.26642
0.2677
0.26642
0.26898
0.28435
0.27026
0.2677
0.27026
0.2677
0.26642
0.26898
0.27026
0.27026
0.27026
0.27154
0.27154
0.27026
0.27026
0.27154
0.26898
0.27026
0.26898
0.26898
0.26898
0.26898
0.2677
0.26898
0.27026
0.26898
0.27026
0.27026
0.27026
0.27026
0.27026
0.27026
0.27154
0.27154
0.27154
0.27026
0.27026
0.27282
0.27154
0.27282
0.27154
0.27282
0.27154
0.27282
0.27282
0.27154
0.27282
0.27154
0.27282
0.27154
0.27154
0.27154
0.27282
0.27154
0.27282
0.27282
0.27282
0.27154
0.26898
0.27282
0.27411
0.27539
0.27411
0.27411
0.30229
0.27923
0.27539
0.28051
0.27539
0.27539
0.27539
0.27411
0.27539
0.27539
0.27667
0.27539
0.27795
0.27795
0.27795
0.27667
0.27795
0.27667
0.27795
0.27795
0.27795
0.27667
0.27667
0.28435
0.28179
0.28819
0.28179
0.28307
0.28435
0.28307
0.28307
0.28307
0.28179
0.28307
0.27923
0.28179
0.28563
0.28051
0.28051
0.28051
0.28051
0.27923
0.27923
0.28051
0.28179
0.27923
0.28179
0.27923
0.28179
0.28051
0.28051
0.28051
0.27923
0.28179
0.27923
0.28051
0.27795
0.28051
0.28051
0.28051
0.28051
0.28051
0.28051
0.28179
0.28307
0.28179
0.28307
0.28179
0.28435
0.28307
0.28435
0.28435
0.28435
0.28307
0.27282
0.28307
0.28435
0.28435
0.28435
0.28691
0.28563
0.28691
0.28435
0.28691
0.28691
0.28819
0.28563
0.29332
0.29972
0.29076
0.28948
0.29076
0.28948
0.29204
0.29076
0.29204
0.29204
0.29204
0.29076
0.29076
0.28948
0.28819
0.29076
0.28948
0.28948
0.29204
0.29332
0.29332
0.2946
0.29588
0.29332
0.29588
0.29332
0.2946
0.29204
0.29204
0.29332
0.29204
0.29076
0.29204
0.29332
0.29204
0.29204
0.29204
0.29204
0.29204
0.29204
0.29076
0.29076
0.29076
0.29204
0.28948
0.29204
0.28948
0.29076
0.29076
0.28948
0.29076
0.29076
0.29076
0.29076
0.29076
0.29076
0.29204
0.29204
0.29076
0.29076
0.29076
0.29204
0.2946
0.2946
0.2946
0.29588
0.2946
0.28691
0.2946
0.29716
0.301
0.29588
0.2946
0.2946
0.29332
0.2946
0.29588
0.2946
0.29588
0.2946
0.29716
0.2946
0.29844
0.29588
0.29844
0.29716
0.29844
0.29716
0.29588
0.29716
0.29588
0.29716
0.29588
0.2946
0.29716
0.29716
0.29588
0.29588
0.29588
0.29588
0.29716
0.29716
0.29844
0.29716
0.29844
0.29716
0.29972
0.29844
0.29972
0.29844
0.29972
0.29972
0.29844
0.29716
0.29844
0.29716
0.29716
0.29972
0.29844
0.29844
0.29716
0.29972
0.29716
0.301
0.29716
0.29972
0.29844
0.29844
0.29972
0.29844
0.29844
0.29844
0.29972
0.29844
0.29844
0.29844
0.29972
0.29844
0.29716
0.29844
0.29844
0.29844
0.29972
0.29844
0.30229
0.301
0.301
0.29204
0.301
0.301
0.301
0.29972
0.301
0.301
0.29972
0.29972
0.29844
0.301
0.29972
0.29972
0.29844
0.29972
0.29844
0.29844
0.29844
0.29972
0.29844
0.29972
0.29716
0.29844
0.29844
0.30229
0.30613
0.30741
0.30613
0.30613
0.30869
0.30997
0.30869
0.30869
0.30741
0.30869
0.30613
0.30869
0.30869
0.30869
0.30613
0.30869
0.30741
0.30869
0.30869
0.31381
0.30741
0.30613
0.30869
0.30613
0.30741
0.30613
0.30741
0.30613
0.30613
0.30485
0.30485
0.30613
0.30485
0.30613
0.30357
0.30485
0.30485
0.30613
0.30485
0.30357
0.30485
0.30485
0.30485
0.30357
0.30613
0.30613
0.30741
0.30613
0.30741
0.30613
0.30485
0.30613
0.30485
0.30613
0.30357
0.29588
0.30485
0.30485
0.30357
0.30485
0.30357
0.30357
0.30357
0.30229
0.30229
0.30229
0.30485
0.30229
0.30485
0.30229
0.30357
0.30357
0.30485
0.30229
0.30997
0.30357
0.30229
0.30357
0.30229
0.30357
0.30229
0.30357
0.301
0.30229
0.30229
0.30229
0.301
0.301
0.30229
0.301
0.30229
0.301
0.30229
0.301
0.30229
0.301
0.301
0.301
0.29972
0.301
0.301
0.29972
0.29972
0.29972
0.29972
0.29972
0.301
0.30229
0.29972
0.301
0.301
0.301
0.301
0.301
0.29972
0.30229
0.29972
0.30229
0.29972
0.301
0.29972
0.301
0.29972
0.29972
0.301
0.29844
0.29972
0.29844
0.301
0.29972
0.301
0.29844
0.29972
0.29972
0.29972
0.29076
0.29844
0.29972
0.29844
0.29972
0.30485
0.29972
0.30357
0.29844
0.29844
0.29972
0.29844
0.29844
0.29972
0.29972
0.29972
0.29844
0.29716
0.29844
0.29716
0.29716
0.29716
0.29716
0.29844
0.29716
0.29716
0.29844
0.30357
0.29844
0.29588
0.29716
0.29716
0.29588
0.29588
0.29716
0.29588
0.29716
0.29716
0.30357
0.29716
0.29588
0.29844
0.29716
0.29844
0.29716
0.29844
0.29716
0.29844
0.29716
0.29716
0.29844
0.29716
0.29716
0.29844
0.29972
0.29972
0.29972
0.29972
0.301
0.29844
0.29972
0.29972
0.29844
0.29972
0.29844
0.2946
0.29204
0.29332
0.29076
0.29332
0.29076
0.29204
0.29204
0.29076
0.29204
0.29076
0.29204
0.29076
0.29076
0.29332
0.28819
0.29844
0.30485
0.29844
0.29588
0.29204
0.29076
0.2946
0.29204
0.29332
0.29332
0.2946
0.29716
0.30229
0.29972
0.29972
0.29972
0.301
0.30229
0.301
0.30229
0.301
0.30229
0.30357
0.30357
0.30613
0.30613
0.30613
0.30485
0.30613
0.30485
0.30229
0.30485
0.30485
0.30357
0.30357
0.30229
0.30357
0.301
0.30229
0.30229
0.30357
0.30229
0.30357
0.30357
0.30613
0.30485
0.30485
0.30485
0.30485
0.30485
0.30357
0.30229
0.30357
0.30485
0.30229
0.30485
0.30357
0.30229
0.30357
0.30485
0.30357
0.30485
0.30613
0.30357
0.30485
0.30357
0.30485
0.301
0.30357
0.30229
0.30357
0.30357
0.30229
0.30357
0.30229
0.30357
0.30357
0.30485
0.30485
0.29588
0.30229
0.30485
0.30357
0.30485
0.30357
0.30357
0.30613
0.30357
0.30485
0.30357
0.30485
0.30229
0.30485
0.30357
0.30485
0.30357
0.30357
0.30229
0.30229
0.30357
0.30357
0.30357
0.30357
0.30485
0.30357
0.30485
0.30357
0.30485
0.30357
0.30357
0.30357
0.30357
0.30229
0.301
0.301
0.30229
0.30357
0.30229
0.30357
0.30229
0.30357
0.30229
0.30229
0.301
0.30229
0.30229
0.30229
0.30229
0.30229
0.301
0.30229
0.30229
0.30229
0.30229
0.301
0.30229
0.301
0.30229
0.30229
0.30229
0.301
0.30229
0.30357
0.30229
0.30357
0.30229
0.30357
0.30229
0.30229
0.301
0.30357
0.30357
0.30357
0.30357
0.30485
0.30357
0.30485
0.30613
0.30357
0.29588
0.30485
0.30741
0.30613
0.30741
0.30613
0.30613
0.30613
0.30613
0.30485
0.30485
0.30613
0.30485
0.30485
0.30485
0.30613
0.30485
0.30485
0.30485
0.30357
0.30229
0.30357
0.30357
0.30357
0.30357
0.30357
0.30229
0.30357
0.30485
0.30229
0.30485
0.30485
0.30613
0.30613
0.30741
0.30613
0.30741
0.30613
0.30613
0.30741
0.30613
0.30485
0.30357
0.30485
0.30357
0.30485
0.30357
0.30485
0.30357
0.30357
0.30357
0.30869
0.30485
0.30229
0.30357
0.30357
0.30485
0.30357
0.30357
0.30229
0.30485
0.30357
0.30357
0.30357
0.30229
0.30357
0.30357
0.30485
0.30357
0.30613
0.30485
0.30485
0.30613
0.30613
0.30357
0.30357
0.30357
0.30357
0.30485
0.30357
0.29332
0.30229
0.30357
0.30357
0.30357
0.30357
0.30357
0.30357
0.30357
0.30229
0.30229
0.30357
0.30229
0.30357
0.30485
