8.0227
8.0214
8.0279
8.0125
7.8498
7.7938
7.9257
7.9552
7.9936
8.0128
8.0295
8.05
8.0474
8.0474
8.0436
8.0231
8.0039
7.9859
7.9706
7.9578
7.9552
7.945
7.9322
7.9245
7.9168
7.9117
7.8976
7.8937
7.8848
7.8694
7.8745
7.8732
7.863
7.8566
7.8489
7.8463
7.8374
7.8322
7.8271
7.8246
7.8117
7.8066
7.8002
7.7951
7.7913
7.79
7.79
7.7823
7.7784
7.7733
7.7656
7.7669
7.7669
7.7605
7.7618
7.7631
7.7567
7.7554
7.7464
7.7387
7.74
7.7323
7.7298
7.7375
7.7362
7.7477
7.7439
7.7375
7.7323
7.7259
7.7093
7.6849
7.6619
7.5428
7.4954
7.6773
7.6849
7.6837
7.6837
7.6862
7.6824
7.6798
7.6798
7.6721
7.6747
7.6696
7.6632
7.6619
7.658
7.6465
7.6465
7.6363
7.6324
7.6286
7.6196
7.6068
7.4211
7.533
7.5804
7.5906
7.5829
7.5829
7.5765
7.5688
7.5637
7.5637
7.5573
7.5586
7.5586
7.5458
7.5535
7.5496
7.5368
7.533
7.5253
7.5227
7.5163
7.5099
7.5048
7.4997
7.4984
7.4958
7.4933
7.4907
7.4856
7.4779
7.4766
7.4702
7.4651
7.4587
7.4574
7.4548
7.451
7.4433
7.4407
7.4382
7.4305
7.4292
7.4267
7.4177
7.4138
7.41
7.4074
7.4036
7.3934
7.3959
7.3882
7.3831
7.378
7.3741
7.3729
7.3729
7.3652
7.3613
7.3588
7.287
7.1987
7.3037
7.3332
7.328
7.3255
7.3203
7.3165
7.3152
7.3139
7.3088
7.3165
7.3152
7.3152
7.3075
7.3063
7.2973
7.173
7.2358
7.2998
7.2934
7.2922
7.2806
7.2755
7.2665
7.2614
7.2512
7.2409
7.2345
7.2307
7.2268
7.2243
7.2179
7.2127
7.2063
7.2051
7.1935
7.1846
7.182
7.1743
7.1718
7.1654
7.1679
7.1564
7.1525
7.1436
7.1423
7.1333
7.1321
7.1282
7.1269
7.1218
7.1154
7.1141
7.1103
7.1128
7.1116
7.1077
7.1077
7.1026
7.0988
7.1013
7.1
7.0936
7.0898
7.0911
7.0885
7.0962
7.1026
7.1397
7.1974
7.2409
7.2678
7.2717
7.2589
7.2332
7.1769
7.109
7.1577
7.182
7.1692
7.1628
7.1577
7.1474
7.1474
7.1359
7.1346
7.1282
7.1244
7.118
7.1141
7.1128
7.1116
7.1013
7.0988
7.0949
7.0949
7.0872
7.0847
7.0859
7.0783
7.0398
7.0245
7.0859
7.0859
7.0834
7.0795
7.0808
7.077
7.0731
7.0693
7.068
7.059
7.0603
7.0398
7.0578
7.0514
7.0501
7.0437
7.0424
7.0373
7.0347
7.0347
7.0257
7.0206
7.0181
7.0117
7.0078
7.0065
7.0027
7.0001
6.9988
6.9976
6.9848
6.9848
6.9784
6.9784
6.9784
6.9745
6.9745
6.9719
6.9719
6.9694
6.9668
6.9643
6.9566
6.9604
6.9566
6.954
6.9502
6.9489
6.9463
6.9438
6.94
6.9425
6.9387
6.9336
6.9246
6.9208
6.9208
6.9079
6.899
6.8311
6.8823
6.9208
6.9182
6.9169
6.9118
6.9079
6.9092
6.9131
6.9195
6.9425
6.9656
6.9822
6.9861
6.9861
6.9848
6.9784
6.9707
6.963
6.9605
6.9502
6.9425
6.94
6.9336
6.9284
6.9259
6.9284
6.9336
6.9413
6.9592
6.9707
6.9784
7.0015
7.0732
7.1692
7.2538
7.3037
7.3229
7.3153
7.3076
7.2935
7.2845
7.264
7.2512
7.2307
7.2064
7.1859
7.1628
7.1475
7.1257
7.1231
7.118
7.1244
7.1283
7.1257
7.118
7.1052
7.0924
7.086
7.0706
7.0552
7.0501
7.045
7.0412
7.0386
7.0284
7.0207
7.0143
7.0015
6.9963
6.9899
6.9835
6.9746
6.9656
6.9605
6.9579
6.9681
6.9989
7.0399
7.1206
7.223
7.3294
7.396
7.4075
7.4036
7.3819
7.3511
7.305
7.2845
7.3178
7.4011
7.5048
7.6149
7.6393
7.6265
7.6073
7.6393
7.8852
8.0927
8.5905
9.0859
9.2916
9.2391
9.1008
8.9061
8.7012
8.5205
8.3732
8.252
8.1636
8.097
8.0496
8.0022
7.9766
7.9254
7.8976
7.854
7.822
7.7964
7.7772
7.7541
7.7311
7.7131
7.6901
7.6785
7.676
7.6632
7.6504
7.635
7.6273
7.6094
7.5978
7.5889
7.5812
7.5825
7.5697
7.5658
7.5569
7.5415
7.5325
7.5274
7.5184
7.5069
7.5018
7.4941
7.489
7.4787
7.4723
7.4608
7.4557
7.4493
7.4595
7.4595
7.4698
7.4672
7.4569
7.4544
7.4403
7.4433
7.4267
7.4164
7.4074
7.4062
7.3946
7.3844
7.3844
7.378
7.3703
7.3665
7.3639
7.3639
7.3588
7.3665
7.3882
7.4087
7.4203
7.4203
7.4177
7.41
7.3998
7.3831
7.3741
7.3652
7.36
7.3511
7.3485
7.3408
7.3383
7.3306
7.3293
7.3255
7.3191
7.3127
7.3216
7.3139
7.3088
7.3075
7.3024
7.2973
7.3075
7.3088
7.3075
7.3114
7.3075
7.305
7.2973
7.2909
7.287
7.287
7.2806
7.2781
7.2742
7.2729
7.2678
7.2627
7.2601
7.2589
7.255
7.2512
7.2486
7.2435
7.2448
7.2422
7.2384
7.2345
7.2332
7.232
7.2217
7.2217
7.2192
7.2307
7.2627
7.3255
7.3818
7.4279
7.4459
7.4484
7.4356
7.4203
7.3959
7.378
7.3613
7.3549
7.3447
7.346
7.3511
7.3472
7.3408
7.337
7.3267
7.3178
7.3075
7.296
7.2896
7.2806
7.2819
7.2806
7.2819
7.2755
7.2665
7.2614
7.2589
7.2499
7.2473
7.2409
7.2435
7.2384
7.2409
7.2396
7.2345
7.2461
7.3178
7.4497
7.6149
7.72
7.7712
7.7738
7.7494
7.7046
7.6559
7.6137
7.5752
7.5496
7.5304
7.5099
7.4881
7.4753
7.46
7.4433
7.4318
7.4203
7.4151
7.4113
7.4062
7.3998
7.3985
7.3908
7.3882
7.3767
7.3716
7.36
7.3485
7.3408
7.3293
7.3242
7.3203
7.3152
7.3063
7.3037
7.2973
7.2909
7.2845
7.287
7.2781
7.2717
7.2653
7.2601
7.255
7.2576
7.3127
7.4356
7.6329
7.866
8.0658
8.2588
8.3049
8.2805
8.2139
8.1435
8.0628
7.9847
7.9181
7.863
7.8233
7.7887
7.7618
7.7375
7.7554
7.8002
7.8463
7.8681
7.8668
7.8451
7.8156
7.7784
7.7503
7.7157
7.6888
7.6644
7.6465
7.6311
7.6183
7.603
7.6107
7.6196
7.6324
7.6414
7.6363
7.6273
7.6132
7.594
7.5825
7.5645
7.5594
7.5556
7.5479
7.5479
7.5428
7.5312
7.5236
7.5146
7.5069
7.4915
7.4877
7.4762
7.4787
7.4646
7.4723
7.4851
7.5005
7.5095
7.5107
7.5095
7.4979
7.4954
7.48
7.471
7.4672
7.4659
7.4646
7.4634
7.4518
7.4429
7.4395
7.4369
7.4881
7.6611
7.9147
8.0901
8.3087
8.3587
8.3433
8.2754
8.1794
8.0871
8.0077
7.9462
7.8924
7.8425
7.8015
7.7618
7.7311
7.7016
7.676
7.6516
7.6324
7.6171
7.5978
7.5876
7.5748
7.5581
7.5453
7.5287
7.5146
7.4979
7.489
7.4762
7.4646
7.4531
7.4454
7.4339
7.4369
7.4279
7.4343
7.4254
7.4049
7.3985
7.3908
7.3921
7.3959
7.401
7.4036
7.4292
7.533
7.6675
7.7815
7.8481
7.8519
7.8314
7.7879
7.7366
7.6841
7.6444
7.6124
7.6085
7.6815
7.8378
7.9813
8.1076
8.1256
8.1076
8.0513
7.977
7.9104
7.8489
7.7938
7.7605
7.7246
7.7016
7.6785
7.6606
7.6414
7.6273
7.6107
7.594
7.5799
7.5684
7.5569
7.5453
7.5325
7.5223
7.5146
7.5056
7.4954
7.4928
7.489
7.489
7.4903
7.5223
7.5761
7.6209
7.644
7.6452
7.6311
7.6107
7.585
7.5581
7.5338
7.5159
7.5351
7.594
7.6644
7.7246
7.7464
7.7439
7.7362
7.7144
7.6888
7.6568
7.6311
7.6055
7.5812
7.5543
7.5453
7.53
7.5159
7.5069
7.4941
7.4813
7.4813
7.5671
7.8784
8.3523
8.5905
9.0615
9.1981
9.1366
8.9765
8.7831
8.5948
8.4424
8.3327
8.2443
8.1764
8.1188
8.065
8.024
7.9856
7.9523
7.9241
7.9053
7.8848
7.8655
7.9578
8.3715
8.5905
9.0897
9.5888
10.115
10.237
9.9355
9.5794
9.3719
8.9778
8.8651
8.6384
8.5205
8.4424
8.4006
8.5735
9.0116
9.5504
9.9423
10.051
10.067
9.8471
9.5474
9.3719
9.0495
8.8932
8.7703
8.6678
8.6205
8.8549
9.4889
10.109
10.586
10.698
10.697
10.652
10.387
10.017
9.859
9.3924
9.079
8.892
8.7434
8.6384
8.559
8.4924
8.4411
8.4019
8.3634
8.3519
8.3161
8.2892
8.2687
8.2443
8.229
8.211
8.3634
8.8719
9.0897
9.5888
10.115
10.359
10.087
9.7421
9.4142
9.1187
8.9291
8.7921
8.728
8.9458
9.5619
10.115
10.563
10.611
10.371
9.9871
9.859
9.3771
9.0828
8.9265
8.8292
8.7473
8.6755
8.655
8.6999
8.8267
8.9535
8.9932
8.965
8.8818
8.7793
8.6807
8.5974
8.5308
8.4834
8.4552
8.4898
8.5526
8.5846
8.5846
