0.30745
0.31001
0.22546
0.15757
0.16269
0.21137
0.21905
0.2767
0.30745
0.30745
0.30873
0.30873
0.31001
0.31001
0.31001
0.31129
0.31129
0.31001
0.31129
0.31001
0.31001
0.31001
0.31129
0.31129
0.31001
0.30873
0.31001
0.31257
0.31001
0.31257
0.31001
0.31129
0.31129
0.31129
0.31129
0.31257
0.31129
0.31257
0.31129
0.31257
0.31129
0.31385
0.31129
0.31257
0.31129
0.31385
0.31257
0.31129
0.31129
0.31257
0.31129
0.31257
0.31129
0.31257
0.31257
0.31129
0.31257
0.31257
0.31129
0.31257
0.31385
0.31257
0.31385
0.31769
0.31129
0.31257
0.31513
0.31385
0.30232
0.23571
0.31257
0.31257
0.31898
0.31385
0.31257
0.31257
0.31257
0.31257
0.31385
0.31129
0.31257
0.31257
0.31257
0.31129
0.31385
0.31385
0.31257
0.31001
0.31257
0.31257
0.31385
0.31257
0.31257
0.31257
0.31257
0.31129
0.31129
0.31001
0.31129
0.31001
0.31129
0.31257
0.31257
0.31001
0.31129
0.31257
0.31129
0.31257
0.31001
0.31129
0.31001
0.31257
0.31001
0.31257
0.31129
0.31001
0.31129
0.31001
0.31129
0.31257
0.31129
0.31257
0.31129
0.31257
0.31257
0.31129
0.31129
0.31257
0.31129
0.31257
0.31257
0.31129
0.31001
0.31129
0.31129
0.31257
0.31129
0.31257
0.31001
0.31129
0.31129
0.31129
0.31129
0.31129
0.31257
0.31129
0.31257
0.31129
0.30232
0.31129
0.29207
0.31129
0.31257
0.31257
0.31257
0.31257
0.31257
0.31385
0.31385
0.31385
0.32026
0.31257
0.31129
0.31385
0.31385
0.31257
0.31385
0.31385
0.31385
0.31257
0.31257
0.31257
0.31257
0.31257
0.31385
0.31257
0.31385
0.31257
0.31257
0.31257
0.31257
0.31257
0.31257
0.31129
0.31129
0.31129
0.31257
0.31257
0.31257
0.31257
0.31129
0.31257
0.31257
0.31257
0.31257
0.31001
0.31257
0.31129
0.31257
0.31129
0.31257
0.31129
0.31257
0.31385
0.31129
0.31257
0.31001
0.31257
0.31129
0.31257
0.31129
0.31129
0.31129
0.31257
0.31129
0.31001
0.31129
0.31257
0.31129
0.31129
0.31001
0.31257
0.31001
0.31001
0.31129
0.31129
0.31001
0.31257
0.30104
0.31257
0.31129
0.31129
0.31257
0.31129
0.31129
0.31001
0.31129
0.31769
0.31001
0.31001
0.31001
0.31129
0.31001
0.31129
0.31001
0.31129
0.31257
0.31257
0.31129
0.31129
0.31001
0.31001
0.31001
0.31001
0.31129
0.31257
0.31001
0.30873
0.31001
0.31001
0.31001
0.31001
0.31001
0.31001
0.31001
0.31001
0.31001
0.30873
0.31001
0.31001
0.31001
0.31001
0.31129
0.30873
0.31001
0.30745
0.31129
0.31001
0.31129
0.30873
0.31129
0.31001
0.31129
0.31001
0.31129
0.31001
0.31001
0.31001
0.31001
0.31001
0.30873
0.31001
0.31129
0.31001
0.30873
0.30873
0.31001
0.30873
0.31001
0.30873
0.31001
0.30873
0.31129
0.30873
0.31001
0.30873
0.31001
0.31001
0.30745
0.31129
0.31001
0.31001
0.30873
0.31001
0.31641
0.31129
0.30745
0.31001
0.30873
0.31001
0.30745
0.31001
0.31001
0.31001
0.30873
0.31513
0.30873
0.30873
0.31001
0.30873
0.31001
0.30873
0.31001
0.30873
0.31001
0.30873
0.30873
0.30873
0.31001
0.30873
0.30873
0.31001
0.31001
0.30873
0.30873
0.31129
0.30873
0.30873
0.30873
0.30873
0.30873
0.31001
0.31129
0.31001
0.31129
0.31001
0.31257
0.31129
0.31257
0.31257
0.31129
0.31129
0.31129
0.31129
0.31129
0.31001
0.31001
0.31129
0.31257
0.31001
0.31257
0.31129
0.31257
0.31129
0.31257
0.31001
0.31129
0.31001
0.31257
0.31129
0.31001
0.31129
0.31129
0.31001
0.31001
0.31001
0.31129
0.31001
0.30232
0.31001
0.31129
0.31001
0.31257
0.31001
0.31129
0.31129
0.31129
0.31001
0.31129
0.31001
0.31129
0.31001
0.31129
0.31129
0.31129
0.31257
0.31129
0.31257
0.31001
0.31257
0.31257
0.31257
0.31385
0.31129
0.31257
0.31001
0.31257
0.31129
0.31129
0.31001
0.31257
0.31257
0.31257
0.31257
0.31257
0.31129
0.31129
0.31385
0.31257
0.31385
0.31257
0.31385
0.31257
0.31385
0.31129
0.31513
0.31385
0.31385
0.31385
0.31385
0.31385
0.31385
0.31385
0.31385
0.31257
0.31385
0.31257
0.31385
0.31129
0.31385
0.31257
0.31385
0.31257
0.31385
0.31257
0.31385
0.31257
0.31257
0.31257
0.31257
0.31257
0.31257
0.31257
0.31257
0.31385
0.31385
0.31257
0.31129
0.30232
0.31257
0.31129
0.31129
0.31257
0.31129
0.31257
0.31257
0.31257
0.31129
0.31257
0.31257
0.31257
0.31641
0.31257
0.31129
0.31257
0.31129
0.31257
0.31129
0.31257
0.31257
0.31257
0.31129
0.31257
0.31129
0.31129
0.31129
0.31257
0.31257
0.31129
0.31129
0.31129
0.31129
0.31257
0.31001
0.31257
0.31129
0.31257
0.31129
0.31129
0.30873
0.31257
0.31129
0.31129
0.31129
0.31257
0.31385
0.31769
0.32026
0.3241
0.3241
0.32538
0.32538
0.32666
0.32538
0.3241
0.32282
0.3241
0.32282
0.3241
0.32282
0.32282
0.32282
0.32282
0.32282
0.3241
0.32538
0.32538
0.32538
0.3241
0.32538
0.32538
0.3241
0.3241
0.3241
0.32282
0.32282
0.3241
0.32154
0.31385
0.32282
0.3241
0.32282
0.3241
0.32282
0.3241
0.3241
0.3241
0.32282
0.3241
0.32282
0.32282
0.32282
0.32282
0.32154
0.3241
0.32282
0.3241
0.32026
0.32282
0.32282
0.32282
0.32154
0.32282
0.32282
0.32282
0.32154
0.32282
0.32154
0.32282
0.32026
0.32154
0.32282
0.32154
0.32282
0.32154
0.32282
0.32154
0.32026
0.32154
0.32282
0.32154
0.32282
0.32154
0.32282
0.32154
0.32282
0.32026
0.32026
0.32154
0.32282
0.32026
0.32154
0.32026
0.32154
0.32154
0.32026
0.32154
0.32154
0.32154
0.32154
0.32026
0.32154
0.32026
0.31898
0.32026
0.32026
0.32026
0.32154
0.32026
0.32154
0.31898
0.32154
0.32154
0.32154
0.32026
0.32026
0.32026
0.32026
0.31001
0.32154
0.31898
0.32026
0.32154
0.32154
0.32026
0.32026
0.32026
0.32026
0.31898
0.32026
0.32154
0.32026
0.32154
0.32154
0.32154
0.31898
0.31898
0.31898
0.32026
0.32026
0.32026
0.32026
0.32154
0.32282
0.3241
0.32154
0.32282
0.32026
0.32282
0.32154
0.32282
0.32154
0.32282
0.32154
0.32154
0.32154
0.32282
0.32026
0.32154
0.32026
0.32154
0.32154
0.32282
0.32154
0.32282
0.32154
0.32154
0.32154
0.32026
0.32026
0.32154
0.32026
0.32154
0.32026
0.32154
0.32026
0.32154
0.32154
0.32154
0.32154
0.32026
0.32154
0.32154
0.32026
0.32154
0.31898
0.32154
0.32154
0.32282
0.32154
0.32154
0.32154
0.32026
0.32154
0.32026
0.32026
0.32154
0.32026
0.31129
0.32154
0.32026
0.32154
0.32026
0.32154
0.32026
0.31898
0.32026
0.32026
0.32154
0.32154
0.32154
0.32282
0.32026
0.32154
0.32026
0.32154
0.32026
0.32026
0.32026
0.32282
0.32154
0.32282
0.32154
0.32282
0.32026
0.32282
0.32154
0.32282
0.32154
0.32282
0.32282
0.32026
0.32282
0.32154
0.32282
0.32154
0.32154
0.3241
0.32282
0.3241
0.32154
0.3241
0.32282
0.32538
0.32282
0.32154
0.32154
0.32282
0.32282
0.3241
0.3241
0.3241
0.32538
0.32538
0.32538
0.3305
0.32538
0.32538
0.32538
0.3241
0.32538
0.3241
0.3241
0.32282
0.32538
0.3241
0.3241
0.3241
0.32282
0.32538
0.3241
0.32538
0.32538
0.3241
0.32538
0.32538
0.32666
0.32538
0.31513
0.32538
0.32538
0.3241
0.32666
0.32538
0.32538
0.32538
0.32538
0.3241
0.32538
0.3241
0.3241
0.32538
0.32538
0.32538
0.3241
0.32538
0.32538
0.32538
0.32538
0.32538
0.32538
0.32282
0.32538
0.3241
0.3241
0.32538
0.3241
0.32538
0.3241
0.32666
0.3241
0.32666
0.3241
0.3241
0.3241
0.32538
0.32282
0.3241
0.3241
0.3241
0.3241
0.32538
0.3241
0.3241
0.32282
0.32282
0.3241
0.3241
0.32282
0.3241
0.32282
0.3241
0.32282
0.3241
0.3241
0.3241
0.3241
0.3241
0.32282
0.32282
0.32154
0.3241
0.3241
0.3241
0.3241
0.3241
0.3241
0.32282
0.3241
0.3241
0.3241
0.3241
0.32538
0.32538
0.3241
0.3241
0.32538
0.3241
0.31513
0.3241
0.32282
0.3241
0.32666
0.3241
0.3241
0.3241
0.32282
0.3241
0.32538
0.3241
0.32538
0.3241
0.32538
0.32282
0.32538
0.32282
0.3241
0.32282
0.3241
0.3241
0.3241
0.32154
0.32538
0.32282
0.32538
0.3241
0.32538
0.32282
0.3241
0.3241
0.32282
0.32282
0.3241
0.3241
0.3241
0.3241
0.32282
0.3241
0.3241
0.3241
0.32282
0.3241
0.3241
0.32538
0.3241
0.32538
0.3241
0.32538
0.3241
0.32282
0.3241
0.3241
0.3241
0.3241
0.32282
0.3241
0.32282
0.32538
0.3241
0.3241
0.3241
0.32538
0.3241
0.32538
0.3241
0.32538
0.32538
0.32538
0.3241
0.32666
0.32538
0.32538
0.32154
0.32282
0.32282
0.32282
0.32282
0.32282
0.31257
0.32282
0.32282
0.32282
0.32154
0.32282
0.32282
0.32154
0.32154
0.32154
0.32154
0.32154
0.32154
