1.3044
1.3044
1.3057
1.3044
1.3057
1.3044
1.3057
1.3044
1.3044
1.3032
1.3032
1.3019
1.3019
1.3006
1.2993
1.298
1.3006
1.3032
1.2968
1.298
1.2968
1.2968
1.2942
1.298
1.2916
1.2955
1.2929
1.2929
1.2878
1.2865
1.2839
1.2852
1.2827
1.2852
1.2788
1.2814
1.2801
1.2814
1.2839
1.2827
1.2839
1.2827
1.2801
1.2839
1.2801
1.2801
1.2814
1.2775
1.2788
1.2763
1.2801
1.2763
1.2788
1.2737
1.275
1.2763
1.275
1.2724
1.275
1.2711
1.2724
1.2724
1.2724
1.2711
1.2686
1.2673
1.266
1.2686
1.2686
1.2686
1.2647
1.266
1.2647
1.266
1.2622
1.2622
1.2634
1.2622
1.2519
1.2647
1.2609
1.2622
1.2583
1.2609
1.257
1.2609
1.2583
1.2609
1.2596
1.2583
1.257
1.2558
1.2545
1.2558
1.2558
1.2558
1.2519
1.2519
1.2506
1.2519
1.2545
1.2481
1.2506
1.2481
1.2494
1.2494
1.2494
1.2494
1.2468
1.2468
1.2455
1.2468
1.2442
1.2442
1.2442
1.243
1.2442
1.2442
1.2417
1.2378
1.2391
1.2391
1.2391
1.2391
1.2417
1.2391
1.2404
1.2391
1.2378
1.2378
1.2378
1.234
1.2327
1.2327
1.2327
1.2327
1.2327
1.2327
1.2327
1.2301
1.2289
1.2276
1.2276
1.2289
1.2276
1.2263
1.2263
1.2289
1.2263
1.2289
1.2327
1.2276
1.2225
1.2276
1.2225
1.2263
1.2225
1.2225
1.2096
1.2225
1.2212
1.2225
1.2225
1.2186
1.2173
1.2135
1.2161
1.2186
1.2135
1.2109
1.2135
1.2109
1.2135
1.2109
1.2109
1.2096
1.2109
1.2096
1.2084
1.2096
1.2071
1.2096
1.2084
1.2058
1.2084
1.2032
1.2084
1.2032
1.2045
1.2032
1.2032
1.2007
1.2045
1.1994
1.2032
1.2007
1.1968
1.2007
1.1968
1.2007
1.1981
1.1981
1.1956
1.1994
1.2007
1.2007
1.1981
1.2007
1.1981
1.1968
1.1968
1.1968
1.1968
1.1968
1.1943
1.1956
1.1956
1.1943
1.1917
1.1892
1.1917
1.1904
1.1917
1.1904
1.1892
1.1879
1.1866
1.184
1.1892
1.1827
1.1853
1.1827
1.1827
1.1853
1.1815
1.1815
1.1802
1.1789
1.1687
1.1815
1.1763
1.1763
1.1763
1.1751
1.1751
1.1725
1.1725
1.1751
1.1725
1.1725
1.1738
1.1687
1.1712
1.1687
1.1699
1.1687
1.1674
1.1674
1.1687
1.1674
1.1674
1.1623
1.1648
1.1648
1.1661
1.1661
1.1661
1.1648
1.1648
1.1597
1.1623
1.1635
1.1623
1.1597
1.1584
1.1584
1.1597
1.1571
1.1584
1.1584
1.1571
1.1597
1.1546
1.1533
1.152
1.1571
1.1533
1.1533
1.1507
1.1546
1.152
1.1482
1.1494
1.1507
1.1482
1.1494
1.1456
1.1494
1.1456
1.1482
1.1456
1.1469
1.1456
1.1469
1.1469
1.143
1.143
1.1443
1.143
1.1405
1.143
1.1405
1.1379
1.1405
1.1418
1.1379
1.1405
1.1379
1.1213
1.1379
1.1341
1.1379
1.1379
1.1366
1.1354
1.1366
1.1341
1.1315
1.1354
1.1341
1.1328
1.1302
1.1341
1.1302
1.1289
1.1315
1.1315
1.1289
1.1302
1.1251
1.1289
1.1277
1.1264
1.1277
1.1238
1.1225
1.1251
1.1251
1.1225
1.1213
1.111
1.1033
1.0867
1.0751
1.0662
1.0623
1.0649
1.0623
1.0713
1.0777
1.0803
1.0841
1.0867
1.088
1.0905
1.0944
1.0944
1.0956
1.0944
1.0969
1.0969
1.0969
1.1008
1.1008
1.0995
1.102
1.0969
1.0956
1.1008
1.0995
1.1008
1.1008
1.1008
1.0969
1.0969
1.0969
1.0982
1.0982
1.0969
1.0995
1.0995
1.0995
1.0995
1.0944
1.0969
1.0969
1.0982
1.0944
1.0828
1.0931
1.0969
1.0969
1.0995
1.0969
1.0982
1.0931
1.0956
1.0956
1.0982
1.0931
1.0918
1.0931
1.0944
1.0931
1.0956
1.0918
1.0918
1.0905
1.0905
1.0905
1.0931
1.088
1.0905
1.0892
1.0918
1.0892
1.0892
1.0867
1.0867
1.0867
1.0867
1.088
1.0867
1.0867
1.0854
1.0905
1.0841
1.0841
1.0816
1.0764
1.0828
1.0841
1.0816
1.0841
1.0803
1.0867
1.0816
1.0803
1.0803
1.079
1.0764
1.0777
1.0777
1.0803
1.0777
1.0751
1.0751
1.0751
1.0739
1.0751
1.0739
1.0777
1.0751
1.0751
1.0751
1.0764
1.0751
1.0751
1.0751
1.0751
1.0726
1.0726
1.0726
1.0726
1.0713
1.0726
1.0687
1.0726
1.0623
1.0713
1.0675
1.0687
1.0726
1.0713
1.0687
1.0687
1.0662
1.0687
1.0687
1.0675
1.0649
1.0649
1.0662
1.0636
1.0649
1.0649
1.0649
1.0662
1.0636
1.0611
1.0611
1.0636
1.0623
1.0598
1.0623
1.0623
1.0623
1.0649
1.0598
1.0636
1.0585
1.0598
1.0623
1.0585
1.0623
1.0598
1.0623
1.0559
1.0559
1.0611
1.0572
1.0598
1.0585
1.0521
1.0559
1.0508
1.0521
1.0534
1.0534
1.0508
1.0495
1.0495
1.0521
1.0508
1.0495
1.0508
1.0508
1.0457
1.047
1.0482
1.047
1.0457
1.0482
1.0495
1.047
1.0444
1.0431
1.0431
1.0444
1.0457
1.0431
1.0444
1.0457
1.038
1.0431
1.0393
1.0431
1.0418
1.0213
1.0393
1.0393
1.0367
1.0406
1.038
1.0406
1.0354
1.0393
1.038
1.038
1.0342
1.0342
1.0329
1.0354
1.0316
1.0316
1.0354
1.029
1.0329
1.0342
1.0278
1.0303
1.0278
1.0278
1.0278
1.0303
1.0278
1.0278
1.0252
1.0265
1.0265
1.029
1.0239
1.0252
1.0239
1.0252
1.0226
1.0252
1.0226
1.0252
1.0226
1.0201
1.0213
1.0226
1.0188
1.0239
1.0201
1.0213
1.0188
1.0226
1.0201
1.0175
1.0188
1.0188
1.0188
1.0149
1.0149
1.0149
1.0162
1.0149
1.0188
1.0137
1.0137
1.0162
1.0124
1.0124
1.0162
1.0162
1.0137
1.0124
1.0149
1.0111
1.0137
1.0137
1.0124
1.0098
1.0124
1.0085
1.0085
0.99957
1.0111
1.006
1.0085
1.006
1.0034
1.0073
1.0047
1.0085
1.0047
1.0047
1.0034
1.0034
1.0073
1.0034
1.0034
1.0021
1.0034
0.99957
1.0034
0.99701
1.0009
0.99957
1.0009
0.99829
1.0034
0.99829
0.99829
0.99957
0.99829
0.99957
0.99573
0.99573
0.99573
0.99701
0.99829
0.99445
0.99573
0.99573
0.99701
0.99317
0.99317
0.99189
0.99445
0.99189
0.99573
0.99189
0.99189
0.98804
0.98804
0.99061
0.98676
0.98933
0.98804
0.98804
0.98676
0.98676
0.99061
0.98676
0.99189
0.98804
0.98933
0.98804
0.98804
0.9842
0.98676
0.98804
0.98676
0.98292
0.98804
0.98292
0.98164
0.98292
0.98164
0.9842
0.98804
0.98164
0.98036
0.98164
0.97908
0.96755
0.97908
0.97908
0.9778
0.98036
0.97908
0.9778
0.97652
0.97652
0.97908
0.97908
0.9778
0.98036
0.97908
0.97523
0.97908
0.97652
0.9778
0.97652
0.97908
0.97523
0.97908
0.9778
0.97523
0.9778
0.97395
0.97395
0.97395
0.97267
0.97139
0.97523
0.97652
0.97395
0.97011
0.97267
0.97395
0.97395
0.97011
0.97523
0.97139
0.97139
0.96883
0.97011
0.96627
0.96755
0.96627
0.96627
0.96499
0.96371
0.96371
0.96114
0.96114
0.96371
0.95986
0.96499
0.95986
0.96371
0.95858
0.96371
0.95986
0.95858
0.95858
0.95858
0.95986
0.95858
0.9573
0.95986
0.95858
0.95986
0.95474
0.95858
0.95474
0.95602
0.95602
0.95474
0.95602
0.9573
0.95474
0.95602
0.95346
0.94449
0.98154
0.9841
0.98282
0.9841
0.9841
0.98538
0.98282
0.98538
0.98538
0.9841
0.98538
0.98282
0.9841
0.98154
0.98026
0.98154
0.98026
0.98026
0.98026
0.98026
0.97898
0.9777
0.97513
0.97513
0.97385
0.97642
0.97385
0.97257
0.97257
0.96873
0.97001
0.96745
0.96873
0.97257
0.96361
0.95336
0.94567
0.93543
0.91493
0.89316
0.87394
0.86882
0.86369
0.86241
0.86241
0.85857
0.85345
0.86754
0.87906
0.88675
0.89187
0.89956
0.90596
0.90596
0.90724
0.90596
0.90724
0.90212
0.90724
0.90596
0.90596
0.90084
0.9034
0.90084
0.90084
0.89956
0.89828
0.897
0.89956
0.897
0.897
0.89572
0.89828
0.89572
0.89828
0.89444
0.89828
0.89316
0.89316
0.88035
0.89187
0.89187
0.89059
0.88931
0.88931
0.88803
0.88931
0.88803
0.88675
0.88419
0.88419
0.88547
0.88419
0.88675
0.88291
0.88547
0.88419
0.88163
0.88291
0.88035
0.88419
0.88163
0.88163
0.88035
0.88035
0.87906
0.87778
0.8765
0.87778
0.87778
0.8765
0.87394
0.87394
0.87778
0.8701
0.87522
0.87266
0.87394
0.87266
0.87138
0.8701
0.87138
0.8701
0.8701
0.86882
0.86882
0.86754
0.86754
0.86625
0.86882
0.86625
0.86754
0.86241
0.86497
0.86241
0.86754
0.86497
0.86241
0.86241
0.86497
0.85985
0.86369
0.85985
0.86113
0.86113
0.85985
0.85985
0.85985
0.85857
0.85985
0.85729
0.85857
0.85601
0.85857
0.85473
0.85729
0.85345
0.85473
0.85345
0.84576
0.85216
0.85345
