0.65355
0.65227
0.65099
0.65483
0.64971
0.65483
0.65355
0.65227
0.65355
0.65227
0.65227
0.65227
0.65099
0.65099
0.65227
0.65227
0.65355
0.65099
0.64971
0.65355
0.65355
0.65227
0.65099
0.64971
0.65099
0.65099
0.65099
0.65227
0.64971
0.65227
0.64971
0.65227
0.65099
0.64971
0.64971
0.65099
0.64843
0.65227
0.65099
0.65099
0.64971
0.65099
0.65099
0.65227
0.65099
0.64971
0.65099
0.65099
0.64971
0.65355
0.65099
0.65099
0.65099
0.65227
0.65099
0.65099
0.64714
0.65227
0.64971
0.65227
0.64971
0.65099
0.64843
0.65099
0.65099
0.65227
0.64971
0.65227
0.64971
0.64971
0.64202
0.64971
0.64843
0.65099
0.64843
0.64971
0.64971
0.65227
0.64843
0.64586
0.64971
0.65099
0.65099
0.64971
0.64971
0.65099
0.64843
0.64971
0.64714
0.64971
0.64843
0.65099
0.64843
0.64714
0.64971
0.64843
0.64971
0.64971
0.64714
0.64971
0.64843
0.64843
0.64714
0.64714
0.64843
0.64714
0.64714
0.64843
0.64714
0.64971
0.64714
0.64714
0.64714
0.64714
0.64586
0.64843
0.64586
0.64843
0.64714
0.64714
0.64714
0.64714
0.64586
0.64458
0.64586
0.64586
0.64586
0.64586
0.64843
0.64714
0.64843
0.64714
0.64714
0.64586
0.64458
0.64586
0.64458
0.6433
0.6433
0.64458
0.64458
0.6433
0.64458
0.6433
0.64202
0.64074
0.6433
0.64458
0.64458
0.64202
0.63433
0.6433
0.64586
0.6433
0.64458
0.64202
0.6433
0.64202
0.64202
0.64458
0.64458
0.64458
0.64458
0.64458
0.64458
0.6433
0.6433
0.6433
0.6433
0.64202
0.64458
0.6433
0.64586
0.64202
0.64458
0.64202
0.6433
0.6433
0.6433
0.64202
0.6433
0.6433
0.64202
0.64074
0.64074
0.64074
0.64586
0.64074
0.64074
0.6433
0.6433
0.64202
0.64074
0.64202
0.64202
0.64202
0.64074
0.64202
0.64074
0.64074
0.64202
0.64202
0.64074
0.64202
0.63818
0.64202
0.63946
0.64074
0.64074
0.64202
0.64586
0.6433
0.63946
0.64202
0.64074
0.64074
0.64074
0.63946
0.64074
0.64074
0.63946
0.64202
0.64074
0.64074
0.64074
0.6433
0.64202
0.64074
0.64202
0.64202
0.63049
0.64202
0.64074
0.64202
0.63946
0.64202
0.63946
0.63818
0.6369
0.63818
0.63946
0.64074
0.64074
0.63946
0.63818
0.63946
0.63818
0.63946
0.63946
0.64074
0.63818
0.64202
0.63818
0.63818
0.63818
0.64074
0.63946
0.64202
0.64202
0.64202
0.64202
0.64074
0.64074
0.64074
0.63946
0.64074
0.64074
0.63946
0.63818
0.63946
0.63818
0.64074
0.63818
0.63818
0.6369
0.63433
0.6369
0.63946
0.63562
0.6369
0.63562
0.63562
0.63818
0.63946
0.63562
0.63946
0.63562
0.63818
0.63818
0.6369
0.6369
0.63946
0.63562
0.63562
0.63818
0.63818
0.63818
0.63818
0.63818
0.63818
0.63562
0.6369
0.63562
0.6369
0.63562
0.6369
0.6369
0.63562
0.63433
0.63562
0.62537
0.63562
0.63562
0.63562
0.63433
0.63305
0.63305
0.63433
0.63562
0.63305
0.63562
0.63433
0.63305
0.63433
0.63305
0.63562
0.63562
0.63562
0.63562
0.63433
0.63433
0.63305
0.63433
0.63562
0.63177
0.63433
0.63562
0.6369
0.63433
0.63562
0.63433
0.63305
0.63433
0.63305
0.63433
0.63433
0.63433
0.63562
0.63433
0.63562
0.63562
0.63562
0.63305
0.63562
0.63433
0.63433
0.63433
0.63562
0.63305
0.63305
0.63177
0.63562
0.64074
0.63305
0.62921
0.63433
0.63305
0.63305
0.63049
0.63433
0.62793
0.63049
0.63305
0.63177
0.62921
0.63177
0.63177
0.63177
0.63177
0.63305
0.63177
0.63433
0.63049
0.63305
0.63177
0.63305
0.63049
0.63049
0.62921
0.63049
0.62152
0.63049
0.63049
0.63177
0.63177
0.63305
0.63049
0.62793
0.63049
0.63177
0.62921
0.62793
0.62921
0.63049
0.63049
0.63177
0.62921
0.63305
0.62793
0.63177
0.63049
0.63177
0.63049
0.63305
0.63049
0.62921
0.63049
0.63177
0.62921
0.62921
0.62665
0.62921
0.62793
0.62921
0.62793
0.63177
0.62793
0.63049
0.63562
0.62665
0.62537
0.63049
0.62793
0.62793
0.62793
0.62921
0.62665
0.62665
0.62665
0.63049
0.62793
0.62793
0.62665
0.62921
0.62793
0.62921
0.62793
0.62793
0.62793
0.63049
0.62665
0.62793
0.62665
0.62793
0.62537
0.63049
0.62665
0.62921
0.62665
0.62665
0.62665
0.62665
0.62409
0.62537
0.62409
0.62537
0.62409
0.62793
0.62409
0.62793
0.61512
0.62793
0.62409
0.62537
0.62281
0.62152
0.62281
0.62409
0.62281
0.62537
0.62537
0.62537
0.62409
0.62409
0.62152
0.62152
0.62281
0.62281
0.62024
0.62281
0.62152
0.62281
0.62152
0.62281
0.62281
0.62537
0.62409
0.62281
0.62281
0.62152
0.62409
0.62281
0.62409
0.62409
0.62537
0.62281
0.62152
0.62152
0.62281
0.62152
0.62152
0.62409
0.62281
0.62152
0.62281
0.62281
0.62409
0.62409
0.62024
0.62281
0.62152
0.62409
0.62281
0.62409
0.62409
0.62152
0.62537
0.62281
0.62152
0.61896
0.62409
0.62281
0.62409
0.62024
0.62281
0.62281
0.62537
0.62152
0.62409
0.62024
0.61896
0.61896
0.62152
0.62024
0.61896
0.61768
0.61768
0.6164
0.62152
0.61896
0.60872
0.61896
0.62152
0.62024
0.61896
0.61768
0.62024
0.62024
0.61896
0.62024
0.62024
0.61896
0.61768
0.61896
0.61768
0.61512
0.61768
0.6164
0.6164
0.61384
0.61768
0.6164
0.6164
0.61384
0.61512
0.6164
0.6164
0.6164
0.6164
0.6164
0.6164
0.61512
0.61768
0.61384
0.6164
0.6164
0.61768
0.6164
0.6164
0.61384
0.61512
0.61768
0.61896
0.62409
0.6164
0.61512
0.61896
0.61768
0.62024
0.61384
0.61768
0.61768
0.6164
0.61896
0.61768
0.61512
0.61768
0.6164
0.61512
0.61512
0.61512
0.61384
0.61512
0.61128
0.6164
0.61512
0.61512
0.61256
0.61512
0.61384
0.61768
0.61512
0.6164
0.61384
0.61512
0.61384
0.61512
0.61512
0.61512
0.61384
0.60487
0.6164
0.61384
0.61512
0.61256
0.61384
0.61512
0.61256
0.61128
0.61384
0.6164
0.61512
0.6164
0.61256
0.61512
0.61384
0.61512
0.61128
0.62024
0.60872
0.61384
0.61256
0.61256
0.61128
0.61128
0.61128
0.61384
0.61
0.61256
0.61128
0.61128
0.61
0.61128
0.61
0.61128
0.61256
0.61256
0.61128
0.61128
0.61128
0.60872
0.61256
0.61128
0.61256
0.61128
0.61384
0.61
0.61512
0.61256
0.61384
0.61256
0.61384
0.61512
0.61256
0.61384
0.61256
0.61256
0.61256
0.61
0.61256
0.61128
0.61256
0.60872
0.61256
0.61
0.61
0.61
0.61128
0.60872
0.61
0.61
0.60872
0.61
0.61
0.60743
0.60872
0.60872
0.60743
0.60743
0.60743
0.59719
0.60872
0.60615
0.61
0.60615
0.60872
0.60743
0.60743
0.60615
0.60872
0.60743
0.60872
0.60743
0.60872
0.60743
0.60872
0.60615
0.60872
0.60615
0.60487
0.60743
0.60487
0.60743
0.60743
0.60743
0.60615
0.60615
0.60743
0.60487
0.60359
0.60359
0.60231
0.60359
0.60359
0.60359
0.60359
0.60359
0.60487
0.60487
0.60359
0.60487
0.60359
0.60359
0.60487
0.60359
0.60487
0.60359
0.60359
0.60487
0.60231
0.60231
0.60103
0.60231
0.60487
0.60359
0.60103
0.60231
0.60231
0.60487
0.60103
0.60231
0.60103
0.60487
0.60231
0.60487
0.60359
0.60487
0.60487
0.60743
0.60487
0.60615
0.60359
0.60359
0.60231
0.60359
0.60487
0.60615
0.60359
0.60615
0.60103
0.59462
0.60231
0.60487
0.60231
0.60487
0.60359
0.60487
0.60487
0.60359
0.60359
0.60231
0.60231
0.60103
0.60359
0.60231
0.60231
0.60359
0.60103
0.60487
0.60231
0.60359
0.60231
0.60359
0.60487
0.60231
0.60103
0.60359
0.60359
0.60359
0.60103
0.60231
0.60103
0.60103
0.60103
0.59975
0.60103
0.59975
0.60231
0.60231
0.60103
0.60359
0.59975
0.60103
0.60103
0.60359
0.60231
0.60359
0.60359
0.60103
0.60103
0.60359
0.60231
0.60103
0.60103
0.60231
0.60103
0.60103
0.59975
0.60103
0.60103
0.60103
0.60103
0.60103
0.60103
0.59719
0.59847
0.59847
0.59719
0.59847
0.59975
0.59847
0.59719
0.59975
0.59719
0.59847
0.59719
0.59847
0.59847
0.59847
0.59591
0.58694
0.59847
0.59975
0.59975
0.59847
0.59847
0.59719
0.59975
0.59975
0.59975
0.59719
0.59591
0.59591
0.59591
0.59591
0.59591
0.60103
0.59719
0.59975
0.59975
0.59847
0.59975
0.59719
0.59847
0.59975
0.60231
0.60103
0.60103
0.59975
0.60103
0.59975
0.59719
0.59847
0.59847
0.59975
0.59847
0.59847
0.59847
0.59847
0.59847
0.59719
0.59975
0.59847
0.60103
0.59719
0.59847
0.59847
0.59975
0.59847
0.59847
0.59591
0.59847
0.59847
0.59847
0.59847
0.59847
0.59591
0.59847
0.59719
0.59591
0.59719
0.59462
0.59591
0.59719
0.59591
0.59591
0.59719
0.59719
0.59847
0.59847
0.59719
0.59719
0.59719
0.59847
0.59719
0.59462
0.59462
0.59462
0.59591
0.59335
0.58694
0.59462
0.59591
0.59719
0.59206
0.59462
0.59206
0.59206
0.59335
0.59462
0.59206
