0.24336
0.24465
0.24465
0.24593
0.27539
0.24721
0.24593
0.24593
0.24593
0.24977
0.24465
0.24336
0.24593
0.24465
0.24593
0.24336
0.24593
0.24593
0.24465
0.24465
0.24465
0.24336
0.24465
0.24336
0.24593
0.24465
0.24465
0.24465
0.24465
0.24465
0.24336
0.24336
0.24336
0.24336
0.24208
0.24336
0.24336
0.24208
0.24336
0.24336
0.24336
0.24336
0.24336
0.24208
0.24336
0.24336
0.24336
0.24208
0.24336
0.23184
0.24208
0.24208
0.24336
0.24336
0.24208
0.24336
0.24208
0.24336
0.24208
0.24336
0.24336
0.24336
0.24336
0.24336
0.24336
0.24208
0.24336
0.24208
0.24208
0.24208
0.24593
0.25105
0.24208
0.2408
0.24208
0.24593
0.24208
0.23952
0.24208
0.24208
0.24208
0.2408
0.24208
0.24208
0.2408
0.2408
0.24208
0.23952
0.24336
0.24465
0.24721
0.25489
0.24336
0.24208
0.24208
0.24208
0.24336
0.24208
0.24208
0.24208
0.24336
0.2408
0.24336
0.2408
0.24208
0.24208
0.2408
0.24336
0.2408
0.24208
0.24593
0.24208
0.2408
0.2408
0.2408
0.2408
0.24208
0.2408
0.2408
0.2408
0.2408
0.23952
0.24208
0.2408
0.24208
0.23952
0.2408
0.24208
0.24208
0.23184
0.2408
0.24208
0.23952
0.2408
0.2408
0.2408
0.2408
0.2408
0.24208
0.24208
0.24208
0.2408
0.24208
0.23952
0.24208
0.2408
0.2408
0.23952
0.23952
0.23952
0.24208
0.2408
0.23952
0.2408
0.23952
0.2408
0.2408
0.24336
0.23568
0.2408
0.23952
0.23824
0.2408
0.23952
0.2408
0.23952
0.2408
0.23952
0.2408
0.2408
0.2408
0.23952
0.2408
0.23952
0.2408
0.25233
0.23952
0.23952
0.2408
0.2408
0.2408
0.2408
0.2408
0.2408
0.2408
0.24593
0.24208
0.24721
0.24208
0.2408
0.24208
0.24208
0.2408
0.24208
0.24208
0.2408
0.2408
0.2408
0.2408
0.23952
0.23952
0.23952
0.23952
0.23952
0.23952
0.23952
0.2408
0.23952
0.23952
0.23056
0.23952
0.23952
0.2408
0.24208
0.23952
0.24208
0.2408
0.24208
0.24208
0.2408
0.2408
0.2408
0.2408
0.2408
0.23952
0.2408
0.2408
0.23952
0.24208
0.23952
0.2408
0.23824
0.2408
0.2408
0.23952
0.2408
0.23952
0.23952
0.23952
0.23952
0.2408
0.23952
0.23824
0.24208
0.23056
0.23952
0.23824
0.2408
0.24208
0.24336
0.2408
0.24208
0.24208
0.24208
0.24208
0.24208
0.24336
0.2408
0.24336
0.2408
0.2408
0.24208
0.2408
0.23952
0.24465
0.24593
0.24593
0.24208
0.2408
0.24208
0.24208
0.2408
0.24208
0.2408
0.24208
0.2408
0.24208
0.2408
0.24208
0.2408
0.24208
0.2408
0.24208
0.2408
0.2408
0.24208
0.24593
0.23952
0.2408
0.23184
0.2408
0.24336
0.24208
0.24208
0.2408
0.24208
0.23952
0.23952
0.2408
0.2408
0.23952
0.2408
0.23952
0.2408
0.24208
0.2408
0.2408
0.2408
0.23952
0.2408
0.23952
0.2408
0.23952
0.24208
0.2408
0.2408
0.23952
0.24208
0.2408
0.2408
0.24208
0.2408
0.24336
0.2408
0.24208
0.24208
0.24336
0.24336
0.24208
0.24721
0.26514
0.24593
0.24208
0.2408
0.24208
0.24208
0.24465
0.24336
0.24465
0.24465
0.24465
0.24336
0.24465
0.24336
0.24465
0.24465
0.24593
0.24336
0.24465
0.24336
0.24336
0.24465
0.24336
0.24465
0.24336
0.24336
0.24208
0.24336
0.24208
0.24336
0.24208
0.24208
0.2408
0.24208
0.2408
0.2408
0.2408
0.24208
0.24336
0.23312
0.24336
0.24336
0.24336
0.24336
0.24336
0.24336
0.24336
0.24336
0.24208
0.24336
0.24336
0.24593
0.24465
0.24336
0.24465
0.24336
0.24465
0.24465
0.24465
0.24465
0.24465
0.24465
0.24336
0.24336
0.24465
0.24336
0.24208
0.24336
0.24336
0.24336
0.24336
0.24336
0.24208
0.24336
0.24336
0.24336
0.24336
0.24336
0.24336
0.24336
0.24336
0.24465
0.24336
0.24336
0.24465
0.24336
0.24208
0.24208
0.24336
0.24336
0.24208
0.24208
0.2408
0.24208
0.24208
0.24208
0.24336
0.2408
0.2408
0.24721
0.2408
0.24208
0.2408
0.2408
0.2408
0.24208
0.2408
0.24336
0.24336
0.24208
0.2408
0.24208
0.24208
0.24208
0.24208
0.2408
0.24336
0.24208
0.24336
0.23184
0.24208
0.24208
0.24336
0.24208
0.24336
0.24336
0.24208
0.24336
0.24208
0.24336
0.24208
0.24336
0.24336
0.24336
0.24208
0.24208
0.24336
0.24208
0.24208
0.24208
0.24336
0.24208
0.24336
0.24208
0.24208
0.24208
0.24208
0.24336
0.24208
0.24208
0.24208
0.24208
0.24208
0.24336
0.24208
0.24208
0.24208
0.24208
0.24336
0.24208
0.24336
0.24208
0.24336
0.2408
0.24336
0.2408
0.24336
0.24208
0.24208
0.24336
0.24208
0.24336
0.24208
0.24336
0.24336
0.24336
0.24336
0.24208
0.24208
0.24208
0.24336
0.24208
0.24336
0.24208
0.24336
0.2408
0.24208
0.24208
0.2408
0.24208
0.2408
0.2408
0.24208
0.24208
0.2408
0.2408
0.2408
0.24208
0.24208
0.23312
0.24208
0.24208
0.24336
0.24208
0.24336
0.24208
0.24465
0.24208
0.24336
0.2408
0.24336
0.24208
0.24208
0.24208
0.24208
0.24336
0.24208
0.24336
0.24208
0.24336
0.24208
0.24336
0.24208
0.24336
0.2408
0.24336
0.24208
0.24208
0.24336
0.24208
0.24208
0.2408
0.24336
0.2408
0.24208
0.24208
0.2408
0.2408
0.24208
0.2408
0.2408
0.24208
0.2408
0.24208
0.24208
0.24336
0.24336
0.24465
0.24336
0.24336
0.24336
0.24208
0.24208
0.24336
0.24208
0.24208
0.2408
0.2408
0.2408
0.24208
0.24208
0.24208
0.2408
0.2408
0.24208
0.2408
0.2408
0.2408
0.24208
0.2408
0.24208
0.2408
0.24336
0.24208
0.24208
0.24208
0.24208
0.24208
0.24208
0.23312
0.24208
0.24336
0.24208
0.24336
0.24208
0.24336
0.24208
0.24336
0.24208
0.24208
0.24336
0.24208
0.24336
0.24208
0.24336
0.24336
0.24208
0.24208
0.24336
0.24208
0.24336
0.24208
0.24336
0.2408
0.24336
0.24336
0.24336
0.24336
0.24208
0.24336
0.24336
0.24208
0.24208
0.24336
0.24208
0.24336
0.24208
0.24208
0.24208
0.24336
0.24208
0.2408
0.24208
0.24208
0.24208
0.2408
0.24208
0.24208
0.24208
0.2408
0.24208
0.2408
0.2408
0.2408
0.2408
0.23952
0.2408
0.2408
0.24208
0.2408
0.24208
0.2408
0.2408
0.2408
0.2408
0.23952
0.2408
0.24336
0.2408
0.2408
0.23952
0.2408
0.23952
0.2408
0.2408
0.2408
0.24208
0.2408
0.24208
0.23056
0.24208
0.2408
0.24208
0.24208
0.2408
0.2408
0.24208
0.24208
0.2408
0.23952
0.2408
0.24208
0.24721
0.24208
0.2408
0.24208
0.24208
0.24208
0.24208
0.24336
0.2408
0.24208
0.24336
0.24208
0.24336
0.24208
0.24336
0.24336
0.24336
0.24208
0.24208
0.24336
0.24208
0.24336
0.24208
0.2408
0.2408
0.2408
0.2408
0.24208
0.24208
0.2408
0.24208
0.2408
0.24208
0.2408
0.24208
0.2408
0.24208
0.24208
0.24208
0.24208
0.24336
0.24336
0.24336
0.24336
0.24208
0.24336
0.2408
0.24208
0.2408
0.24208
0.24336
0.24208
0.24336
0.24208
0.24336
0.24208
0.24208
0.2408
0.24208
0.2408
0.24336
0.2408
0.24208
0.24208
0.24208
0.24208
0.24208
0.23184
0.24593
0.24336
0.24208
0.2408
0.24208
0.24208
0.2408
0.24208
0.24208
0.2408
0.2408
0.2408
0.24336
0.24208
0.24336
0.24208
0.24208
0.24336
0.24208
0.24336
0.24208
0.24336
0.24208
0.24336
0.24208
0.24208
0.2408
0.24208
0.2408
0.24208
0.24336
0.24208
0.24336
0.24593
0.24336
0.24208
0.24336
0.24208
0.24208
0.24208
0.24208
0.24208
0.24849
0.24336
0.2408
0.24336
0.24336
0.24336
0.24208
0.24336
0.24208
0.24336
0.24336
0.24336
0.24208
0.24721
0.2408
0.24208
0.2408
0.24208
0.24336
0.24208
0.24336
0.24208
0.24336
0.24208
0.24336
0.24336
0.24208
0.24336
0.24208
0.24336
0.24208
0.24336
0.24208
0.24208
0.24208
0.24208
0.2408
0.23312
0.2408
0.24208
0.24208
0.2408
0.24336
0.24336
0.24465
0.24336
0.24465
0.24336
0.24336
0.24465
0.24465
0.24465
0.24336
0.24465
0.24336
0.24336
0.24336
0.24336
0.24208
0.24208
0.24208
0.24208
0.24208
0.24208
0.2408
0.2408
0.2408
0.2408
0.24208
0.24336
0.24208
0.24208
0.24336
0.2408
0.2408
0.2408
0.24208
0.2408
0.2408
0.2408
0.2408
0.2408
0.24208
0.2408
0.24208
0.2408
0.23952
0.24336
0.2408
0.24208
0.2408
0.2408
0.2408
0.2408
0.2408
0.24208
0.24208
0.24208
0.24208
0.24208
0.24336
0.24208
0.24336
0.24208
0.24336
0.24208
0.24336
0.24336
0.24208
0.24336
0.24336
0.2408
0.24208
0.24336
0.24208
0.24336
0.24208
0.23056
0.24208
0.24208
0.24336
0.24208
0.24336
0.2408
0.24208
0.24208
0.24208
0.2408
0.24336
0.24208
0.24208
0.24208
0.24208
0.24208
0.24208
0.24336
0.24208
0.24336
0.24208
0.24336
0.24208
0.24336
0.24336
0.24465
0.24336
0.24336
0.24465
0.24336
0.24465
