21.836
21.822
21.818
21.827
21.826
21.799
21.789
21.78
21.79
21.781
21.763
21.754
21.744
21.733
21.722
21.704
21.69
21.683
21.69
21.697
21.69
21.683
21.67
21.685
21.67
21.662
21.666
21.635
21.615
21.603
21.615
21.608
21.606
21.598
21.603
21.613
21.589
21.569
21.565
21.535
21.542
21.514
21.496
21.48
21.505
21.491
21.475
21.491
21.484
21.461
21.438
21.421
21.421
21.414
21.407
21.408
21.413
21.4
21.394
21.368
21.371
21.362
21.385
21.363
21.344
21.338
21.32
21.336
21.336
21.345
21.341
21.322
21.324
21.317
21.312
21.32
21.309
21.295
21.285
21.267
21.276
21.271
21.276
21.263
21.266
21.288
21.276
21.243
21.256
21.218
21.197
21.204
21.206
21.213
21.262
21.271
21.289
21.281
21.28
21.257
21.274
21.235
21.248
21.251
21.32
21.438
21.587
21.687
21.747
21.749
21.749
21.727
21.691
21.651
21.612
21.582
21.545
21.508
21.503
21.536
21.539
21.546
21.586
21.593
21.578
21.555
21.546
21.523
21.513
21.509
21.493
21.475
21.472
21.5
21.476
21.471
21.462
21.45
21.443
21.435
21.422
21.402
21.422
21.414
21.414
21.381
21.371
21.361
21.38
21.367
21.365
21.353
21.356
21.343
21.367
21.432
21.482
21.525
21.564
21.603
21.612
21.578
21.549
21.521
21.503
21.462
21.464
21.445
21.517
21.628
21.8
21.937
22.011
22.171
22.189
22.14
22.071
22.023
21.995
21.948
21.935
21.889
21.884
21.856
21.834
21.8
21.795
21.816
21.882
21.929
21.979
22.016
22.05
22.048
22.009
22.002
21.959
21.921
21.908
21.898
21.863
21.85
21.821
21.798
21.788
21.77
21.768
21.795
21.777
21.762
21.752
21.747
21.725
21.708
21.71
21.692
21.666
21.649
21.666
21.642
21.656
21.64
21.663
21.64
21.62
21.596
21.583
21.562
21.556
21.534
21.533
21.515
21.507
21.498
21.482
21.484
21.481
21.473
21.463
21.45
21.467
21.504
21.541
21.581
21.618
21.659
21.677
21.659
21.639
21.613
21.617
21.613
21.593
21.581
21.581
21.567
21.562
21.563
21.566
21.555
21.544
21.53
21.516
21.532
21.518
21.503
21.505
21.461
21.466
21.462
21.44
21.479
21.614
21.835
22.028
22.315
22.401
22.423
22.401
22.347
22.278
22.198
22.144
22.105
22.078
22.069
22.055
22.034
22.013
21.964
21.95
21.959
22.005
22.102
22.305
22.52
22.802
22.896
22.938
22.898
22.842
22.777
22.756
22.696
22.673
22.721
22.816
22.91
22.956
22.975
22.949
22.919
22.86
22.797
22.757
22.729
22.691
22.664
22.638
22.611
22.605
22.568
22.564
22.55
22.536
22.517
22.499
22.499
22.477
22.445
22.438
22.41
22.397
22.392
22.386
22.386
22.373
22.356
22.322
22.33
22.299
22.281
22.296
22.259
22.228
22.195
22.189
22.181
22.175
22.182
22.178
22.163
22.162
22.15
22.148
22.145
22.163
22.148
22.16
22.177
22.176
22.168
22.176
22.157
22.148
22.163
22.116
22.098
22.105
22.108
22.095
22.099
22.068
22.067
22.069
22.03
22.099
22.119
22.382
22.793
23.09
23.595
24.119
24.638
25.106
25.411
25.385
25.202
24.943
24.619
24.442
24.066
23.947
23.695
23.605
23.524
23.412
23.33
23.307
23.384
23.581
23.816
23.991
24.06
24.201
24.137
24.005
23.882
23.767
23.668
23.576
23.516
23.402
23.4
23.727
24.171
24.696
25.198
25.697
25.996
25.761
25.388
25.017
24.618
24.451
24.131
24
23.825
23.732
23.671
23.625
23.571
23.548
23.476
23.447
23.424
23.387
23.332
23.303
23.273
23.292
23.396
23.515
23.583
23.597
23.581
23.539
23.483
23.392
23.316
23.301
23.252
23.228
23.201
23.198
23.163
23.138
23.124
23.097
23.078
23.054
23.033
23.067
23.047
23.027
23.035
23.067
23.093
23.102
23.096
23.044
23.012
22.977
22.957
22.938
22.908
22.907
22.876
22.854
22.848
22.83
22.841
22.821
22.843
22.809
22.817
23.082
23.643
24.177
24.696
25.197
25.697
25.985
25.907
25.721
25.546
25.329
25.055
24.932
24.683
25.646
26.199
26.7
27.201
27.701
28.02
27.673
27.117
26.937
26.435
25.934
25.433
24.932
24.431
24.089
23.986
23.844
23.787
23.762
23.689
23.634
23.6
23.576
23.55
23.52
23.435
23.398
23.368
23.352
23.314
23.307
23.315
23.31
23.282
23.247
23.238
23.214
23.201
23.17
23.145
23.12
23.107
23.152
23.131
23.123
23.113
23.12
23.092
23.069
23.09
23.082
23.056
23.013
22.962
22.959
22.935
22.926
22.94
22.932
22.92
22.941
22.935
22.926
22.903
22.886
22.884
22.863
22.852
22.839
22.839
22.85
22.854
22.865
22.871
22.835
22.831
22.817
22.802
22.78
22.77
22.754
22.76
22.752
22.76
22.775
22.748
22.77
22.789
22.794
22.79
22.795
22.78
22.762
22.758
22.775
22.803
22.811
22.812
22.836
22.835
22.803
22.783
22.79
22.772
22.756
22.727
22.733
22.725
22.694
22.68
22.727
22.695
22.671
22.66
22.674
22.684
22.651
22.611
22.605
22.607
22.58
22.611
22.648
22.635
22.625
22.626
22.601
22.605
22.584
22.561
22.594
22.608
22.642
22.672
22.695
22.676
22.661
22.644
22.637
22.626
22.59
22.56
22.538
22.524
22.54
22.526
22.523
22.472
22.508
22.493
22.497
22.484
22.464
22.446
22.432
22.436
22.419
22.432
22.426
22.449
22.438
22.427
22.424
22.458
22.446
22.51
22.741
23.102
23.598
24.019
24.27
24.264
24.134
23.936
23.745
23.593
23.481
23.302
23.234
23.156
23.106
23.074
23.056
23.034
23
22.939
22.908
22.893
22.861
22.83
22.821
22.816
22.803
22.771
22.775
22.766
22.757
22.729
22.726
22.712
22.695
22.692
22.706
22.683
22.647
22.647
22.619
22.603
22.575
22.578
22.575
22.56
22.538
22.537
22.529
22.502
22.477
22.459
22.481
22.488
22.511
22.545
22.732
23.04
23.497
23.634
23.885
23.886
23.812
23.666
23.512
23.542
23.884
24.16
24.64
24.906
24.875
24.716
24.467
24.167
23.957
23.695
23.541
23.394
23.301
23.236
23.206
23.18
23.146
23.106
23.101
23.086
23.042
23.014
22.982
22.939
22.912
22.888
22.88
22.975
23.149
23.42
23.604
24.103
24.675
25.192
25.657
25.813
25.649
25.478
25.543
25.565
25.438
25.207
24.992
24.627
24.445
24.067
23.95
23.696
23.571
23.511
23.453
23.394
23.315
23.248
23.2
23.164
23.132
23.131
23.073
23.063
23.047
23.011
22.948
22.935
22.922
22.884
22.865
22.839
22.826
22.811
22.8
22.8
22.789
22.761
22.748
22.734
22.74
22.711
22.698
22.68
22.674
22.658
22.667
22.692
22.701
22.719
22.756
22.749
22.722
22.671
22.694
22.78
22.925
23.067
23.198
23.208
23.185
23.146
23.073
22.999
22.941
22.897
22.859
22.84
22.811
22.793
22.808
22.809
22.797
22.785
22.768
22.781
22.742
22.711
22.701
22.688
22.69
22.695
22.693
22.695
22.699
22.684
22.663
22.651
22.63
22.612
22.603
22.602
22.583
22.567
22.695
22.845
23.017
23.141
23.185
23.171
23.131
23.084
23.021
22.938
22.876
22.841
22.815
22.79
22.797
22.797
22.792
22.777
22.77
22.761
22.736
22.744
22.734
22.679
22.649
22.624
22.624
22.611
22.602
22.607
22.637
22.584
22.585
22.556
22.54
22.524
22.515
22.495
22.479
22.482
22.501
22.509
22.479
22.458
22.46
22.474
22.431
22.424
22.418
22.413
22.392
22.441
22.445
22.446
22.435
22.438
22.455
22.413
22.438
22.459
22.532
22.76
22.964
22.999
23.028
23.137
23.098
23.011
22.95
22.899
22.804
22.776
22.726
22.68
22.656
22.629
22.581
22.59
22.578
22.562
22.583
22.576
22.544
22.525
22.511
22.492
22.444
22.396
22.364
22.403
22.406
22.37
22.382
22.406
22.482
22.565
22.643
22.663
22.59
