6.116
6.1212
6.175
6.0481
6.8679
6.0494
5.8291
5.8079
5.7502
5.7284
5.7361
5.7336
5.7438
5.7361
5.7208
5.6964
5.6823
5.6644
5.6541
5.6477
5.6208
5.6093
5.5863
5.585
5.5811
5.5901
5.6157
5.6401
5.6554
5.6529
5.6452
5.6311
5.6196
5.6029
5.5901
5.5709
5.5632
5.5606
5.5594
5.5683
5.5581
5.5504
5.5325
5.5094
5.4915
5.4787
5.4684
5.453
5.4518
5.4377
5.4573
5.4727
5.4752
5.4637
5.4611
5.4381
5.4125
5.3804
5.374
5.3574
5.3433
5.3266
5.3151
5.3061
5.3382
5.3664
5.3945
5.7353
5.8787
6.076
6.2459
5.9449
5.3506
5.0884
5.0103
4.9949
4.9898
4.9808
4.9654
4.9424
4.9535
4.9676
4.9522
4.9394
4.9305
5.5837
5.9633
5.3185
4.9103
4.8972
4.8792
4.8459
4.8229
4.8036
4.7831
4.7575
4.7293
4.7153
4.6922
4.6948
4.705
4.7063
4.6973
4.6781
4.6551
4.6346
4.6089
4.5782
4.5449
4.5206
4.4988
4.4949
4.4834
4.4719
4.477
4.4693
4.4565
4.445
4.439
4.4211
4.4108
4.407
4.3967
4.3929
4.389
4.3954
4.3865
4.3698
4.3685
4.348
4.3391
4.3263
4.3173
4.3083
4.3071
4.316
4.2994
4.2814
4.2622
4.2533
4.2456
4.2533
4.2737
4.3224
5.0615
5.5978
5.9108
4.8335
4.5705
4.4898
4.4181
4.3737
4.3468
4.3135
4.2661
4.2264
4.1854
4.1495
4.1188
4.0854
4.0598
4.0329
3.8229
3.9849
3.99
3.999
4.4473
5.0987
4.6768
4.3207
4.0483
3.983
3.9586
3.9356
3.9132
3.8978
3.885
3.8748
3.8581
3.8363
3.8158
3.7812
3.7428
3.7249
3.7095
3.6967
3.6698
3.6391
3.6173
3.5993
3.5789
3.566
3.5648
3.5622
3.5494
3.534
3.5251
3.5187
3.5174
3.5161
3.5161
3.5058
3.5033
3.4956
3.4879
3.4815
3.4713
3.4546
3.4354
3.4324
3.4157
3.4132
3.3914
3.385
3.3747
3.3645
3.3568
3.3401
3.3299
3.3248
3.3286
3.335
3.3389
3.3786
3.4208
3.4221
3.4106
3.3952
3.5041
4.101
4.5998
4.0867
3.8229
3.4431
3.4337
3.4093
3.4004
3.3824
3.3709
3.3542
3.3337
3.3184
3.3145
3.3094
3.2992
3.5771
4.1023
3.8145
3.3854
3.344
3.3132
3.2889
3.271
3.2505
3.2287
3.2044
3.1839
3.1711
3.1544
3.1454
3.1339
3.1173
3.1096
3.0916
3.0776
3.0596
3.0481
3.0366
3.0212
3.0071
2.9956
2.9879
2.984
2.9725
2.9597
2.9354
2.9296
2.9104
2.9002
2.8899
2.8758
2.8643
2.8579
2.8476
2.8387
2.8335
2.8335
2.831
2.822
2.8156
2.7964
2.7862
2.7708
2.7618
2.7528
2.7375
2.7311
2.7234
2.7144
2.7106
2.7093
2.7029
2.7195
2.7426
2.9975
3.2844
3.606
3.5848
4.0152
3.4034
2.984
2.9443
2.9386
2.9271
2.9219
2.9168
2.9142
2.9283
3.492
4.0152
4.1104
4.1489
4.1976
4.2257
4.2514
4.259
4.2347
4.1976
4.1617
4.0605
3.8735
3.7531
3.7082
3.6736
3.6109
3.575
3.5776
3.5673
3.5174
3.3624
3.2633
3.1634
3.0891
3.0468
3.0109
2.9789
2.9674
2.9751
2.9559
2.9495
2.9463
2.9322
2.9142
2.9027
2.8925
2.8861
2.8797
2.8797
2.8643
2.8425
2.8246
2.8041
2.7336
2.4967
2.439
2.3974
2.3666
2.3602
2.3564
2.359
2.3538
2.3564
2.3513
2.3462
2.3385
2.3321
2.3282
2.3269
2.3321
2.3218
2.3321
2.3244
2.3231
2.3359
2.3321
2.3282
2.3398
2.6536
2.8137
2.9341
2.9405
2.8457
2.6241
2.5947
2.6011
2.6011
2.6075
2.619
2.6446
2.61
2.6036
2.5998
2.6075
2.6126
2.6075
2.6049
2.5985
2.6011
2.5959
2.5921
2.5844
2.5754
2.5767
2.5844
2.5806
2.5729
2.5639
2.5601
2.5524
2.5498
2.5434
2.537
2.5293
2.5216
2.5178
2.5063
2.4935
2.4794
2.4717
2.4589
2.4499
2.4384
2.4269
2.4205
2.4089
2.3935
2.3833
2.3769
2.3705
2.3679
2.3602
2.3513
2.3462
2.3462
2.3423
2.3398
2.3398
2.3372
2.3295
2.3231
2.3116
2.3013
2.2911
2.2885
2.2783
2.2731
2.2655
2.2591
2.2526
2.2462
2.2386
2.2334
2.2283
2.2245
2.2181
2.2104
2.2091
2.2104
2.2078
2.2091
2.2091
2.1988
2.195
2.1899
2.1899
2.1835
2.1771
2.1719
2.1643
2.1579
2.1515
2.1463
2.131
2.1246
2.1181
2.1117
2.1028
2.1143
2.1194
2.1194
2.1117
2.1053
2.1053
2.1041
2.1002
2.1015
2.1015
2.1041
2.0989
2.0848
2.0759
2.072
2.0784
2.0797
2.0797
2.0797
2.081
2.0797
2.072
2.072
2.072
2.0733
2.072
2.0733
2.0682
2.0669
2.0695
2.0656
2.09
2.09
2.0887
2.081
2.0836
2.0848
2.0848
2.0836
2.0797
2.0669
2.0567
2.0605
2.0643
2.0618
2.0579
2.0515
2.0503
2.04
2.04
2.0323
2.0336
2.0323
2.0285
2.0298
2.0336
2.0272
2.0298
2.0272
2.0246
2.0221
2.0182
2.0221
2.0131
2.0144
2.0016
2.0016
1.9901
1.9913
1.9875
1.9798
1.9785
1.9683
1.9683
1.9606
1.9759
1.972
1.9643
1.9656
1.949
1.9554
1.9502
1.949
1.9528
1.9541
1.9502
1.949
1.9477
1.9464
1.949
1.9464
1.9451
1.94
1.94
1.94
1.9361
1.9349
1.931
1.9297
1.9259
1.9169
1.9169
1.9054
1.899
1.8913
1.8939
1.8875
1.8849
1.8811
1.8823
1.8823
1.8772
1.8721
1.8708
1.8683
1.8631
1.8542
1.8529
1.8478
1.8465
1.8465
1.8401
1.8401
1.8375
1.8388
1.8349
1.8375
1.8349
1.8298
1.8221
1.817
1.817
1.8157
1.8157
1.8132
1.8119
1.8106
1.8029
1.7888
1.7876
1.7888
1.7888
1.7901
1.7914
1.7876
1.7876
1.785
1.785
1.7824
1.7837
1.7824
1.7811
1.7811
1.7799
1.7799
1.7747
1.7722
1.7696
1.7594
1.7363
1.735
1.7261
1.7184
1.7184
1.7158
1.7107
1.7069
1.7081
1.7094
1.7094
1.7069
1.6992
1.6992
1.6966
1.6979
1.694
1.6928
1.694
1.6864
1.6838
1.68
1.6787
1.6735
1.6723
1.6684
1.6659
1.6633
1.6582
1.6556
1.6518
1.6479
1.6479
1.6454
1.6466
1.6505
1.6505
1.6454
1.6454
1.6428
1.6454
1.6415
1.6428
1.6402
1.6402
1.639
1.6338
1.6338
1.6326
1.6287
1.6326
1.6287
1.63
1.6326
1.6313
1.63
1.6223
1.6197
1.6133
1.6095
1.6031
1.5954
1.5941
1.5928
1.5877
1.589
1.5903
1.5864
1.5852
1.5852
1.5775
1.5762
1.5711
1.5698
1.5685
1.5672
1.5634
1.5583
1.5583
1.5519
1.5416
1.548
1.5506
1.548
1.5442
1.5455
1.5429
1.5455
1.5416
1.5365
1.5378
1.5326
1.5339
1.5314
1.5301
1.525
1.5237
1.5224
1.516
1.5147
1.5096
1.5096
1.5019
1.4981
1.4955
1.4929
1.4891
1.4904
1.4865
1.4878
1.484
1.484
1.4763
1.4737
1.4648
1.4609
1.4584
1.4532
1.4532
1.4468
1.443
1.443
1.4404
1.4379
1.453
1.453
1.4556
1.4505
1.4453
1.4441
1.4415
1.4415
1.4377
1.4313
1.4313
1.4274
1.4261
1.4236
1.421
1.4146
1.4146
1.412
1.4108
1.4108
1.4069
1.4056
1.4044
1.4005
1.4018
1.3967
1.3992
1.3979
1.4044
1.412
1.4082
1.4082
1.4095
1.4095
1.412
1.412
1.4005
1.412
1.4108
1.4108
1.4095
1.4108
1.4082
1.4044
1.4044
1.4044
1.4031
1.3979
1.3954
1.3967
1.3915
1.3928
1.3954
1.4056
1.4159
1.4287
1.4556
1.4927
1.5465
1.5683
1.6067
1.6336
1.6529
1.6567
1.6682
1.6708
1.7002
1.6887
1.6733
1.6785
1.6874
1.7079
1.7323
1.7451
1.7528
1.7515
1.7515
1.7464
1.7387
1.7259
1.7169
1.7067
1.6977
1.6913
1.6849
1.6823
1.6772
1.6836
1.6913
1.7156
1.7361
1.7733
1.8117
1.8245
1.8437
1.8668
1.8796
1.8821
1.8885
1.8911
1.9052
1.9411
1.9951
2.0501
2.1398
2.177
2.2077
2.1923
2.1706
2.1513
2.1462
2.1462
2.2154
2.3127
2.4293
2.4935
2.5793
2.6574
2.6959
2.7432
2.8496
2.847
2.8624
2.9021
2.9456
2.9764
2.9962
3.0193
3.0231
3.0193
3.0167
3.0359
3.0359
3.0193
3.0154
3.0103
3.0052
3.0026
2.986
2.9693
2.9732
3.0411
3.2191
3.4318
3.5867
3.7321
3.8577
3.9268
3.9729
3.99
3.9619
3.9337
3.894
3.8671
3.8581
3.8735
3.9157
3.9836
4.0246
4.0349
4.0285
4.0016
3.9606
3.9375
3.9157
3.8888
3.8594
3.8491
3.8479
3.853
3.8568
3.8671
3.8632
3.8632
3.8632
3.8671
3.8568
3.8466
3.8414
3.844
3.8325
3.821
3.8017
3.7864
3.7723
3.7633
3.7543
3.7531
3.7415
3.7287
3.7172
