0.26131
0.26003
0.26003
0.26003
0.26003
0.29206
0.3228
0.27028
0.26644
0.26388
0.26388
0.26259
0.26388
0.26259
0.26388
0.26259
0.26388
0.26259
0.26388
0.26259
0.26259
0.24978
0.26259
0.26131
0.26003
0.26003
0.26259
0.26131
0.26131
0.26131
0.26131
0.26003
0.25875
0.26003
0.26003
0.26131
0.25875
0.26131
0.25875
0.26131
0.26131
0.26131
0.26003
0.25875
0.25875
0.26131
0.26003
0.26003
0.26003
0.26131
0.26003
0.26131
0.26131
0.26003
0.26003
0.26003
0.26131
0.26131
0.26003
0.26131
0.26003
0.26131
0.26003
0.26003
0.26003
