0.3612
0.3612
0.36377
0.36505
0.36249
0.36249
0.36249
0.36377
0.36249
0.36377
0.36377
0.36377
0.36377
0.36377
0.36377
0.36377
0.36249
0.36377
0.36249
0.36249
0.36249
0.36377
0.36249
0.36249
0.36377
0.36249
0.36249
0.36249
0.36249
0.3548
0.36249
0.36249
0.36249
0.3612
0.36249
0.36249
0.36249
0.36249
0.36377
0.36249
0.36377
0.37017
0.36377
0.3612
0.36377
0.36377
0.36377
0.36249
0.36377
0.36249
0.36249
0.36377
0.36249
0.36249
0.36249
0.36249
0.3612
0.36249
0.3612
0.36249
0.36249
0.36377
0.36249
0.36249
0.3612
