0.36505
0.36377
0.36505
0.36377
0.36505
0.36377
0.36377
0.36377
0.36505
0.36377
0.36505
0.36377
0.36505
0.36377
0.36249
0.36249
0.36505
0.36377
0.36505
0.36377
0.36377
0.36377
0.36505
0.36505
0.36249
0.36377
0.36377
0.36377
0.36377
0.35608
0.36249
0.36377
0.36377
0.36505
0.36377
0.36249
0.36377
0.36505
0.36377
0.36505
0.36505
0.36377
0.36377
0.36377
0.36377
0.36377
0.36249
0.36377
0.36249
0.36377
0.36505
0.36249
0.36377
0.36377
0.36377
0.36377
0.36377
0.36889
0.36249
0.36377
0.36377
0.36377
0.36377
0.36377
0.36505
