5.8377
5.839
5.839
5.8352
5.8467
5.8403
5.8377
5.8339
5.839
5.8377
5.8518
5.8429
5.8454
5.8441
5.8441
5.857
5.8441
5.8454
5.8377
5.8403
5.848
5.8518
5.8646
5.8659
5.8595
5.8608
5.8595
5.8698
5.8659
5.8634
5.8646
5.8749
5.871
5.8736
5.8774
5.8774
5.8967
5.8941
5.8826
5.8826
5.8736
5.8864
5.88
5.8813
5.8903
5.8954
5.8813
5.8762
5.871
5.8813
5.8839
5.8864
5.8851
5.889
5.8903
5.8864
5.8851
5.8967
5.8928
5.889
5.8864
5.921
5.9236
5.9095
5.9108
5.8967
5.8992
5.9043
5.8992
5.8967
5.8979
5.8941
5.889
5.8915
5.9031
5.9005
5.8979
5.8979
5.9018
5.8992
5.8954
5.8992
5.9108
5.9031
5.8954
5.9018
5.8992
5.9018
5.8954
5.9095
5.9069
5.9056
5.9082
5.9031
5.9043
5.9031
5.8992
5.9005
5.9108
5.9159
5.9223
5.912
5.9146
5.9197
5.9146
5.9133
5.9108
5.9082
5.9095
5.9197
5.9069
5.9146
5.912
5.9095
5.9108
5.9133
5.912
5.9146
5.9248
5.9197
5.9184
5.921
5.9274
5.9223
5.921
5.9236
5.921
5.9274
5.9197
5.9133
5.9159
5.9223
5.9146
5.93
5.9287
5.9236
5.9223
5.9223
5.9274
5.9274
5.9351
5.991
6.0064
5.9885
5.9808
5.991
5.9821
5.9808
5.9846
5.9872
5.9872
5.9936
5.991
5.9872
5.9846
5.991
5.991
5.9974
6.0051
6.0115
6.0013
5.9974
5.9949
6
6
5.9949
6.0064
6.0026
6.0013
6.0013
6.0013
6.0026
5.9974
6.0038
6.0064
6.0102
6.0102
6.0231
6.0192
6.0167
6.0013
6.009
6.0115
6.0064
6.0218
6.0102
6.0205
6.0128
6.0179
6.0218
6.0256
6.0269
6.0282
6.0282
6.0256
6.0269
6.0218
6.0282
6.0256
6.0436
6.0448
6.0333
6.0282
6.0333
6.0231
6.0243
6.032
6.0384
6.0269
6.0461
6.0448
6.0359
6.05
6.0397
6.0448
6.041
6.032
6.0346
6.0538
6.0474
6.041
6.0679
6.0679
6.0628
6.0564
6.0679
6.0679
6.0705
6.0653
6.0615
6.0538
6.0487
6.0423
6.0487
6.0538
6.0512
6.0371
6.0538
6.0628
6.0602
6.0525
6.0589
6.0564
6.0576
6.0538
6.0551
6.05
6.0512
6.05
6.0512
6.0615
6.05
6.0448
6.0474
6.0615
6.0525
6.0487
6.0564
6.0448
6.0487
6.0448
6.0551
6.0576
6.0564
6.0448
6.0615
6.0564
6.0538
6.0705
6.0589
6.0679
6.0679
6.0628
6.0576
6.0602
6.0679
6.0666
6.064
6.0576
6.0576
6.0615
6.0628
6.0692
6.0769
6.0705
6.082
6.0705
6.0897
6.0756
6.0769
6.0909
6.0781
6.064
6.082
6.082
6.0794
6.0935
6.082
6.0935
6.0833
6.0794
6.0948
6.105
6.0922
6.082
6.0845
6.0807
6.0833
6.0858
6.0909
6.0909
6.0922
6.1089
6.105
6.0935
6.0871
6.0948
6.0935
6.0909
6.0961
6.0871
6.0909
6.0884
6.0935
6.0858
6.0999
6.0948
6.0897
6.105
6.1038
6.0999
6.1063
6.0922
6.0974
6.1102
6.1025
6.105
6.1063
6.1038
6.1127
6.1294
6.1127
6.123
6.1153
6.1127
6.1102
6.1089
6.1038
6.1025
6.1127
6.1063
6.1089
6.1153
6.1255
6.1217
6.1294
6.1294
6.1153
6.1178
6.1243
6.1332
6.123
6.114
6.1243
6.1294
6.1281
6.1307
6.1332
6.1358
6.1319
6.1396
6.1358
6.1319
6.1447
6.1371
6.1499
6.1383
6.1358
6.1371
6.1371
6.1358
6.1563
6.164
6.1486
6.1473
6.1422
6.146
6.1524
6.1588
6.1524
6.1486
6.1447
6.146
6.1396
6.1435
6.1435
6.146
6.1486
6.1627
6.1499
6.1486
6.1563
6.1614
6.1524
6.1512
6.164
6.1627
6.1691
6.164
6.1576
6.1588
6.1537
6.1563
6.1486
6.1537
6.1524
6.164
6.1563
6.1563
6.1652
6.1601
6.1576
6.1499
6.1576
6.1576
6.1563
6.155
6.1627
6.1627
6.1806
6.1832
6.1768
6.1691
6.1819
6.1729
6.1806
6.1576
6.1768
6.1768
6.1781
6.1691
6.1819
6.1755
6.1806
6.1857
6.1729
6.1716
6.1678
6.1678
6.1627
6.1729
6.1652
6.1665
6.1652
6.1652
6.1691
6.1678
6.1742
6.1614
6.1678
6.1652
6.1857
6.1896
6.1921
6.1819
6.1768
6.1781
6.1781
6.1665
6.1716
6.1806
6.1793
6.1934
6.1832
6.187
6.1806
6.1819
6.1832
6.1806
6.1845
6.1806
6.1883
6.1947
6.1896
6.1857
6.1998
6.1857
6.1832
6.1768
6.1857
6.1845
6.1857
6.1742
6.1793
6.1845
6.1819
6.187
6.196
6.187
6.1896
6.1857
6.1896
6.1998
6.1934
6.1909
6.1934
6.2024
6.2075
6.2062
6.2024
6.2037
6.2062
6.2024
6.1985
6.2037
6.2062
6.2062
6.205
6.2178
6.2075
6.2011
6.2126
6.1934
6.1973
6.1973
6.2062
6.2037
6.2114
6.2088
6.2229
6.2229
6.2114
6.2075
6.2024
6.2024
6.2152
6.1985
6.2114
6.2126
6.219
6.2242
6.2421
6.2511
6.2293
6.237
6.2254
6.2165
6.2152
6.219
6.2242
6.2216
6.219
6.219
6.2267
6.2331
6.2395
6.228
6.2267
6.2242
6.2383
6.2267
6.2408
6.2267
6.237
6.2293
6.2254
6.2344
6.2306
6.2165
6.219
6.237
6.2267
6.2408
6.2421
6.2357
6.2331
6.2344
6.2344
6.2408
6.2318
6.2331
6.2344
6.2459
6.2549
6.2408
6.2395
6.237
6.2434
6.2383
6.2498
6.237
6.2485
6.237
6.2421
6.2421
6.2485
6.2575
6.2472
6.2485
6.2434
6.2549
6.2434
6.2459
6.2511
6.2498
6.2549
6.2639
6.2728
6.2613
6.2562
6.2485
6.2485
6.2523
6.2536
6.2588
6.2549
6.2485
6.269
6.2677
6.2716
6.2703
6.2805
6.2844
6.2677
6.2831
6.2677
6.2613
6.26
6.2613
6.2652
6.2741
6.2664
6.2664
6.2754
6.2626
6.278
6.2767
6.2728
6.2677
6.2741
6.2562
6.2754
6.2716
6.278
6.278
6.2677
6.2792
6.2716
6.2703
6.269
6.2805
6.2716
6.2652
6.2741
6.2728
6.2728
6.269
6.2792
6.269
6.2805
6.2844
6.2882
6.2767
6.2741
6.2728
6.2716
6.2741
6.269
6.2869
6.278
6.278
6.2767
6.2908
6.2792
6.2805
6.2831
6.2844
6.2831
6.278
6.2857
6.2844
6.2857
6.2754
6.2933
6.2985
6.2831
6.2792
6.2818
6.278
6.2959
6.2882
6.2857
6.2882
6.2869
6.2933
6.2882
6.2805
6.2946
6.2921
6.2857
6.2997
6.3074
6.3292
6.3164
6.3036
6.301
6.2997
6.2959
6.2972
6.2972
6.2946
6.2933
6.2946
6.2921
6.2895
6.2921
6.2933
6.3036
6.2959
6.2908
6.2972
6.2972
6.2959
6.2972
6.2921
6.3049
6.3125
6.3138
6.301
6.2972
6.3036
6.2959
6.2933
6.2997
6.2997
6.2959
6.2908
6.2985
6.3087
6.301
6.31
6.3061
6.2997
6.2921
6.2792
6.2985
6.2972
6.3074
6.3061
6.3113
6.31
6.3151
6.3202
6.319
6.3074
6.3125
6.3074
6.3061
6.3049
6.3113
6.3061
6.3049
6.3061
6.3023
6.2972
6.31
6.2997
6.3049
6.3023
6.2959
6.3061
6.3138
6.3061
6.301
6.301
6.301
6.2895
6.3036
6.301
6.301
6.2933
6.3305
6.3394
6.3266
6.3151
6.31
6.31
6.3074
6.3087
6.3023
6.3074
6.3113
6.3113
6.3125
6.3036
6.3087
6.3061
6.3113
6.3087
6.3087
6.3036
6.3228
6.3023
6.3151
6.3164
6.3151
6.3164
6.3138
6.3138
6.3074
6.3125
6.3074
6.3215
6.3113
6.3138
6.3202
6.3061
6.31
6.3125
6.31
6.3023
6.31
6.3087
6.3113
6.3074
6.3202
6.319
6.3138
6.3113
6.3087
6.3074
6.3061
6.3023
6.3049
6.3087
6.3074
6.2959
6.3125
6.3113
6.3202
6.3202
6.3113
6.3061
6.2997
6.3087
6.3061
6.3074
6.3074
6.31
6.3125
6.3138
6.3177
6.3113
6.3138
6.3113
6.3164
6.3151
6.3164
6.3215
6.3266
6.3318
6.3356
6.3394
6.3305
6.3241
6.3266
6.3228
6.3177
6.3177
6.3215
6.3279
6.3254
6.3138
6.3228
6.3356
6.3241
6.3177
6.3266
6.3343
6.3292
6.3279
6.3318
6.3305
6.333
6.3292
6.3279
6.3254
6.3279
6.3241
6.3266
6.3254
6.3394
6.3305
6.3433
6.3382
6.3305
6.3318
6.3292
6.3305
6.3343
6.3535
6.3394
6.3369
6.3459
6.351
6.342
6.3318
6.3318
6.3279
6.3356
6.3459
6.3356
6.3369
6.3484
6.3535
6.3382
6.3459
6.351
6.3497
6.3548
6.3343
6.3523
6.3497
6.3471
6.3574
6.3599
6.3625
6.3497
6.3484
6.3459
6.3446
6.3446
6.3471
6.3497
6.3561
6.3497
6.3497
6.3497
6.3471
6.3484
6.3497
6.3676
6.3843
6.3702
6.3548
6.3638
6.3587
6.3612
6.3651
6.3535
6.3612
6.3561
6.3625
6.3523
6.3459
6.3471
6.3446
6.3446
6.3535
6.3574
6.3548
