0.29976
0.29976
0.29976
0.30104
0.29976
0.29976
0.29976
0.30104
0.29976
0.29976
0.30104
0.29848
0.30488
0.29976
0.30104
0.29976
0.30104
0.29976
0.29848
0.29976
0.30104
0.29976
0.29976
0.29976
0.30104
0.29976
0.29976
0.29976
0.30104
0.29976
0.30104
0.30104
0.29976
0.30104
0.29976
0.30104
0.30104
0.30104
0.29976
0.30104
0.30104
0.30104
0.29976
0.29976
0.29976
0.29848
0.30104
0.29976
0.30104
0.30104
0.29848
0.29976
0.29848
0.30104
0.29976
0.30104
0.29848
0.29976
0.29976
0.30104
0.29976
0.30104
0.29976
0.30104
0.30104
0.29976
