0.33433
0.33305
0.33561
0.24978
0.22801
0.33817
0.33305
0.33433
0.33176
0.33561
0.33433
0.33433
0.33561
0.33561
0.33561
0.33561
0.33433
0.33689
0.33433
0.33561
0.33561
0.33433
0.32664
0.33561
0.33561
0.33433
0.33561
0.33433
0.33689
0.33561
0.33561
0.33433
0.33561
0.33561
0.33433
0.33433
0.33561
0.33433
0.33689
0.33561
0.33433
0.33561
0.33561
0.33433
0.33561
0.33561
0.33689
0.33561
0.33433
0.33561
0.33561
0.33561
0.33433
0.33561
0.33561
0.33689
0.33561
0.33817
0.33561
0.33561
0.33561
0.33689
0.33561
0.33561
