0.30745
0.31001
0.22546
0.15757
0.16269
0.21137
0.21905
0.2767
0.30745
0.30745
0.30873
0.30873
0.31001
0.31001
0.31001
0.31129
0.31129
0.31001
0.31129
0.31001
0.31001
0.31001
0.31129
0.31129
0.31001
0.30873
0.31001
0.31257
0.31001
0.31257
0.31001
0.31129
0.31129
0.31129
0.31129
0.31257
0.31129
0.31257
0.31129
0.31257
0.31129
0.31385
0.31129
0.31257
0.31129
0.31385
0.31257
0.31129
0.31129
0.31257
0.31129
0.31257
0.31129
0.31257
0.31257
0.31129
0.31257
0.31257
0.31129
0.31257
0.31385
0.31257
0.31385
