0.3036
0.3036
0.3036
0.30232
0.2229
0.27286
0.3036
0.30488
0.30488
0.30616
0.30488
0.30488
0.29463
0.30488
0.30488
0.30616
0.30616
0.30616
0.30488
0.30616
0.30488
0.30616
0.30488
0.3036
0.3036
0.30488
0.30488
0.30616
0.30488
0.30488
0.30488
0.30616
0.3036
0.30488
0.30488
0.3036
0.3036
0.30488
0.30616
0.3036
0.30616
0.3036
0.30616
0.30488
0.30616
0.3036
0.30488
0.30488
0.30616
0.3036
0.30488
0.30488
0.30616
0.30488
0.30616
0.30488
0.30488
0.30488
0.30488
0.30488
0.3036
0.3036
0.3036
0.3036
0.30488
0.30488
