11.939
12.089
12.179
12.198
12.171
12.101
12.024
11.953
11.898
11.858
11.83
11.812
11.812
11.811
11.825
11.89
12.054
12.276
12.449
12.56
12.684
12.694
12.644
12.564
12.488
12.476
12.725
13.08
13.389
13.484
13.569
13.51
13.342
13.12
12.921
12.804
12.745
12.703
12.657
12.625
12.564
12.514
12.457
12.416
12.387
12.356
12.329
12.316
12.292
12.269
12.247
12.224
12.201
12.186
12.169
12.152
12.14
12.117
12.102
12.095
12.081
12.069
12.058
12.054
12.047
12.035
12.037
12.023
12.024
12.009
12.005
11.991
11.99
11.976
11.966
11.961
11.952
11.937
11.919
11.907
11.897
11.878
11.871
11.852
11.833
11.814
11.807
11.797
11.783
11.779
11.764
11.751
11.739
11.724
11.707
11.7
11.7
11.697
11.691
11.688
11.687
11.682
11.671
11.675
11.67
11.67
11.669
11.66
11.655
11.646
11.634
11.62
11.611
11.593
11.583
11.57
11.57
11.556
11.546
11.546
11.54
11.529
11.534
11.522
11.514
11.506
11.502
11.491
11.478
11.465
11.462
11.456
11.447
11.442
11.447
11.438
11.431
11.417
11.416
11.414
11.407
11.405
11.421
11.446
11.461
11.467
11.472
11.463
11.448
11.457
11.498
11.606
11.717
11.804
11.845
11.841
11.816
11.777
11.741
11.716
11.684
11.651
11.618
11.595
11.571
11.547
11.529
11.516
11.508
11.483
11.474
11.465
11.455
11.448
11.439
11.443
11.443
11.438
11.428
11.425
11.415
11.407
11.401
11.393
11.389
11.378
11.375
11.365
11.353
11.355
11.346
11.33
11.32
11.314
11.307
11.296
11.292
11.282
11.278
11.28
11.278
11.262
11.259
11.247
11.241
11.23
11.225
11.218
11.211
11.214
11.197
11.195
11.182
11.177
11.156
11.159
11.143
11.133
11.119
11.111
11.097
11.097
11.088
11.074
11.064
11.055
11.051
11.04
11.029
11.024
11.02
11.008
11.006
11.005
10.997
10.983
10.975
10.959
10.949
10.942
10.933
10.922
10.922
10.904
10.908
10.908
10.884
10.874
10.874
10.862
10.854
10.848
10.844
10.831
10.824
10.816
10.81
10.799
10.794
10.792
10.787
10.793
10.776
10.774
10.766
10.761
10.757
10.748
10.74
10.731
10.726
10.724
10.716
10.71
10.706
10.696
10.691
10.684
10.675
10.675
10.683
10.68
10.692
10.691
10.688
10.689
10.696
10.705
10.738
10.76
10.764
10.758
10.753
10.731
10.714
10.711
10.707
10.692
10.688
10.67
10.661
10.639
10.633
10.624
10.612
10.596
10.592
10.584
10.582
10.575
10.579
10.578
10.564
10.548
10.55
10.538
10.533
10.53
10.515
10.514
10.51
10.496
10.489
10.48
10.474
10.465
10.462
10.46
10.449
10.449
10.437
10.428
10.423
10.432
10.446
10.449
10.455
10.447
10.433
10.419
10.4
10.385
10.368
10.356
10.337
10.325
10.307
10.296
10.293
10.305
10.31
10.319
10.319
10.319
10.311
10.295
10.28
10.268
10.248
10.247
10.23
10.225
10.225
10.224
10.224
10.251
10.315
10.42
10.516
10.598
10.647
10.667
10.654
10.62
10.585
10.544
10.511
10.48
10.456
10.429
10.417
10.412
10.406
10.392
10.376
10.362
10.356
10.335
10.321
10.306
10.291
10.279
10.273
10.262
10.259
10.256
10.259
10.254
10.25
10.233
10.228
10.23
10.246
10.254
10.26
10.257
10.265
10.266
10.254
10.246
10.241
10.221
10.201
10.198
10.188
10.173
10.177
10.216
10.283
10.368
10.433
10.471
10.483
10.46
10.432
10.397
10.366
10.342
10.328
10.328
10.343
10.355
10.357
10.357
10.357
10.36
10.368
10.368
10.371
10.401
10.452
10.531
10.607
10.64
10.657
10.633
10.589
10.543
10.496
10.46
10.433
10.407
10.391
10.384
10.383
10.394
10.407
10.411
10.411
10.403
10.392
10.37
10.356
10.342
10.334
10.352
10.385
10.417
10.441
10.442
10.425
10.403
10.379
10.355
10.329
10.318
10.251
10.196
10.323
10.677
10.853
10.98
11.08
11.097
11.048
10.967
10.901
10.889
10.936
10.992
11.025
11.015
10.983
10.933
10.87
10.815
10.767
10.731
10.708
10.684
10.694
10.739
10.794
10.837
10.858
10.847
10.811
10.781
10.752
10.719
10.701
10.671
10.664
10.643
10.634
10.633
10.635
10.638
10.639
10.642
10.632
10.619
10.6
10.588
10.574
10.565
10.57
10.591
10.615
10.644
10.714
10.824
10.926
10.994
11.017
10.999
10.953
10.906
10.87
10.878
10.921
10.972
11.008
11.018
10.997
10.959
10.947
10.995
11.094
11.166
11.213
11.266
11.305
11.301
11.289
11.248
11.196
11.152
11.131
11.123
11.113
11.1
11.081
11.056
11.027
10.998
10.975
10.966
10.945
10.927
10.925
10.921
10.921
10.924
10.944
10.968
10.998
11.016
11.006
10.994
10.974
10.953
10.929
10.91
10.895
10.886
10.871
10.872
10.893
10.959
11.062
11.157
11.213
11.23
11.207
11.17
11.13
11.09
11.062
11.043
11.026
11.009
11.002
10.995
10.989
10.977
10.974
10.97
10.965
10.957
10.949
10.939
10.934
10.926
10.945
10.967
10.984
10.999
10.997
10.98
10.961
10.939
10.935
10.922
10.931
10.97
11.041
11.117
11.176
11.199
11.203
11.175
11.152
11.153
11.158
11.167
11.166
11.159
11.162
11.231
11.353
11.448
11.487
11.525
11.487
11.434
11.365
11.315
11.268
11.23
11.224
11.264
11.321
11.367
11.388
11.403
11.443
11.584
11.767
11.886
11.93
11.911
11.841
11.759
11.674
11.607
11.56
11.522
11.496
11.474
11.458
11.448
11.437
11.417
11.405
11.396
11.401
11.408
11.423
11.425
11.416
11.399
11.383
11.362
11.358
11.341
11.319
11.31
11.302
11.284
11.287
11.276
11.273
11.262
11.26
11.252
11.242
11.229
11.219
11.214
11.206
11.2
11.186
11.187
11.187
11.228
11.31
11.417
11.492
11.542
11.561
11.534
11.49
11.433
11.379
11.344
11.31
11.287
11.264
11.255
11.259
11.292
11.326
11.356
11.361
11.344
11.325
11.292
11.27
11.241
11.219
11.195
11.182
11.166
11.16
11.15
11.165
11.214
11.266
11.293
11.305
11.296
11.266
11.232
11.203
11.182
11.152
11.137
11.122
11.114
11.1
11.091
11.082
11.079
11.066
11.048
11.033
11.016
11.006
11.002
10.99
10.983
10.973
10.963
10.951
10.942
10.936
10.921
10.919
10.912
10.91
10.897
10.892
10.878
10.863
10.852
10.849
10.837
10.824
10.813
10.806
10.802
10.802
10.822
10.851
10.866
10.869
10.867
10.849
10.842
10.817
10.797
10.792
10.793
10.853
11.024
11.29
11.523
11.708
11.757
11.729
11.645
11.54
11.448
11.371
11.32
11.279
11.246
11.215
11.186
11.187
11.182
11.179
11.162
11.151
11.12
11.097
11.064
11.042
11.023
11.005
10.977
10.975
11.003
11.144
11.359
11.531
11.688
11.717
11.685
11.616
11.538
11.449
11.374
11.307
11.256
11.233
11.273
11.351
11.421
11.455
11.457
11.438
11.388
11.337
11.293
11.262
11.252
11.3
11.443
11.667
11.818
11.881
11.863
11.798
11.702
11.608
11.522
11.458
11.41
11.371
11.329
11.301
11.271
11.257
11.232
11.21
11.198
11.193
11.175
11.18
11.175
11.193
11.307
11.529
11.738
11.862
11.887
11.848
11.756
11.653
11.558
11.492
11.437
11.385
11.357
11.325
11.3
11.269
11.257
11.238
11.22
11.209
11.218
11.297
11.402
11.545
11.648
11.717
11.738
11.707
11.644
11.577
11.516
11.467
11.419
11.389
11.357
11.337
11.32
11.311
11.296
11.293
11.288
11.276
11.273
11.271
11.266
11.253
11.253
11.244
11.237
11.239
11.23
11.224
11.215
11.214
11.209
11.209
11.201
11.202
11.203
11.206
11.209
11.209
11.207
11.216
11.256
11.296
11.33
11.343
11.355
11.343
11.319
11.291
11.278
11.255
11.244
11.233
11.228
11.211
11.205
11.195
11.18
11.168
11.161
11.154
11.143
11.132
11.138
11.125
