0.60615
0.60487
0.60743
0.60487
0.60615
0.60487
0.60487
0.60487
0.60615
0.60872
0.60872
0.61
0.61512
0.60872
0.61
0.61
0.60872
0.60872
0.60872
0.60872
0.60487
0.60743
0.60872
0.60615
0.60872
0.60487
0.60359
0.60487
0.60615
0.60615
0.60487
0.60359
0.60615
0.60615
0.60359
0.60615
0.61128
0.60615
0.60359
0.60487
0.60359
0.60359
0.60231
0.60487
0.60487
0.60487
0.60359
0.61
0.60487
0.60487
0.60231
0.60487
0.60359
0.60487
0.60359
0.60615
0.60359
0.60359
0.60359
0.59335
0.60359
0.60487
0.60359
0.60615
0.60231
0.60615
0.60487
0.60359
0.60487
