0.80733
0.80605
0.80349
0.81117
0.82398
0.80733
0.80733
0.80605
0.80605
0.80221
0.80349
0.79965
0.80093
0.80605
0.80093
0.80093
0.80093
0.79965
0.79708
0.80221
0.79965
0.80221
0.79836
0.79965
0.79708
0.79965
0.79708
0.79836
0.7958
0.79836
0.79452
0.79452
0.7958
0.79452
0.79452
0.80349
0.79324
0.79452
0.79324
0.79452
0.7958
0.79324
0.79452
0.79068
0.79324
0.79324
0.79196
0.79068
0.78812
0.7894
0.79068
0.79324
0.79196
0.79068
0.79196
0.79068
0.79196
0.79068
0.79324
0.78812
0.79324
0.79068
0.79196
0.79068
0.79196
