0.22545
0.22545
0.21904
0.22417
0.22545
0.22417
0.22545
0.22417
0.22417
0.22417
0.22417
0.22417
0.22417
0.22545
0.22545
0.22417
0.22417
0.22545
0.22417
0.22288
0.22417
0.22545
0.22417
0.22417
0.22288
0.22417
0.22288
0.22417
0.22288
0.22288
0.22288
0.22417
0.22288
0.22417
0.22288
0.2216
0.2216
0.22288
0.22288
0.22417
0.22417
0.22417
0.22417
0.22417
0.22288
0.22417
0.22288
0.22417
0.22288
0.22288
0.22417
0.22417
0.22288
0.22288
0.22417
0.22417
0.22545
0.22417
0.22288
0.22288
0.22545
0.22288
0.22545
0.22417
0.22417
0.22288
0.22417
0.22288
0.22417
0.22288
0.22417
0.22288
0.22417
0.22288
0.22417
0.22417
0.22417
0.22288
0.22417
0.22288
0.22417
0.22417
0.21136
0.22288
0.22417
0.22288
0.22288
0.22417
0.22545
0.22288
0.22417
0.22288
0.22288
0.22417
0.22417
0.22417
0.22417
0.22417
0.22545
0.22417
0.22545
0.22417
0.22545
0.22417
0.22417
0.22417
0.22673
0.22417
0.22545
0.22545
0.22545
0.22417
0.22288
0.22288
0.22417
0.22417
0.22545
0.22417
0.22545
0.22545
0.22545
0.22417
0.22545
0.22417
0.22545
0.22545
0.22417
0.22545
0.22417
0.22545
0.22545
0.22545
0.22545
0.22673
0.22417
0.22545
0.22545
0.22545
0.22545
0.22673
0.22545
0.22673
0.22545
0.22801
0.22545
0.22673
0.22545
0.22673
0.22673
0.22545
0.22545
0.22801
0.22545
0.22673
0.22545
0.22673
0.22545
0.22673
0.22545
0.22673
0.22673
0.22801
0.21392
0.22545
0.22801
0.22545
0.22673
0.22673
0.22545
0.22673
0.22545
0.22673
0.22545
0.22673
0.22545
0.22673
0.22545
0.22801
0.22673
0.22673
0.22673
0.22673
0.22673
0.22673
0.22801
0.22673
0.22673
0.22673
0.22673
0.22673
0.23313
0.22673
0.22801
0.22801
0.22801
0.22801
0.22801
0.22929
0.22673
0.22673
0.22929
0.22801
0.22929
0.22801
0.22929
0.22673
0.22929
0.22801
0.22929
0.22801
0.22929
0.22801
0.22801
0.22801
0.22801
0.22673
0.22929
0.22673
0.22929
0.22929
0.22929
0.22673
0.22673
0.22801
0.22801
0.22801
0.22929
0.22673
0.22801
0.22673
0.22801
0.22545
0.22929
0.22673
0.22673
0.22673
0.22801
0.22801
0.22801
0.22673
0.22673
0.22801
0.21648
0.22673
0.22929
0.22673
0.22673
0.22673
0.22801
0.22801
0.22929
0.22801
0.22801
0.22801
0.22673
0.22801
0.22801
0.22545
0.22801
0.22673
0.22929
0.22801
0.22929
0.22801
0.22929
0.22673
0.22929
0.22929
0.22929
0.22801
0.22929
0.22673
0.22929
0.22929
0.22929
0.22673
0.22801
0.22673
0.22929
0.22801
0.22929
0.22673
0.22801
0.22673
0.22801
0.22929
0.22929
0.22673
0.22929
0.22801
0.22929
0.22801
0.22929
0.22673
0.22929
0.22801
0.23057
0.22929
0.23569
0.22673
0.22801
0.22801
0.22929
0.22929
0.22929
0.22801
0.22929
0.22929
0.23057
0.22929
0.23057
0.23313
0.23057
0.22929
0.23185
0.22929
0.23185
0.23057
0.23057
0.23057
0.22929
0.23057
0.2216
0.22929
0.23057
0.23057
0.23057
0.22929
0.23057
0.22929
0.23057
0.22929
0.23185
0.22929
0.23057
0.22929
0.23057
0.23057
0.23057
0.22929
0.23185
0.23057
0.23185
0.23057
0.23057
0.23057
0.23057
0.23057
0.23057
0.23057
0.23185
0.22929
0.23185
0.22929
0.23057
0.22929
0.23185
0.23057
0.23057
0.22929
0.23057
0.23057
0.23057
0.23057
0.23185
0.23057
0.23057
0.23057
0.23057
0.22929
0.23057
0.22929
0.23057
0.23057
0.23057
0.23057
0.23313
0.23057
0.23185
0.23057
0.23185
0.23185
0.23313
0.23185
0.23313
0.23185
0.23185
0.23057
0.23185
0.23057
0.23185
0.23185
0.23057
0.23057
0.23057
0.23057
0.23057
0.23057
0.23185
0.23057
0.23313
0.23057
0.22032
0.23057
0.23185
0.23185
0.23313
0.23057
0.23185
0.23185
0.23185
0.23057
0.23185
0.23057
0.23057
0.23057
0.23185
0.23057
0.23313
0.23057
0.23185
0.23569
0.23185
0.23057
0.23313
0.23185
0.23313
0.23185
0.23313
0.23185
0.23185
0.23185
0.23185
0.23185
0.23185
0.23313
0.23313
0.23313
0.23313
0.23313
0.23313
0.23185
0.23313
0.23185
0.23057
0.23185
0.23313
0.23185
0.23313
0.23313
0.23185
0.23441
0.23185
0.23313
0.23313
0.23441
0.23313
0.23441
0.23185
0.23441
0.23185
0.23313
0.23313
0.23313
0.23185
0.23185
0.23057
0.23313
0.23185
0.23057
0.23185
0.23185
0.23185
0.23441
0.23185
0.23313
0.23185
0.23313
0.23313
0.23313
0.23441
0.23313
0.2216
0.23185
0.23313
0.23441
0.23313
0.23441
0.23313
0.23441
0.23313
0.23313
0.23313
0.23441
0.23313
0.23441
0.23313
0.23441
0.23826
0.23441
0.23313
0.23441
0.23313
0.23569
0.23313
0.23569
0.23441
0.23569
0.23441
0.23441
0.23313
0.23441
0.23313
0.23441
0.23313
0.23441
0.23313
0.23569
0.23313
0.23441
0.23313
0.23569
0.23313
0.23441
0.23313
0.23441
0.23313
0.23441
0.23441
0.23441
0.23313
0.23441
0.23313
0.23313
0.23313
0.23441
0.23313
0.23441
0.23313
0.23441
0.23313
0.23441
0.23313
0.23441
0.23441
0.23441
0.23441
0.23441
0.23441
0.23441
0.23569
0.23569
0.23441
0.23313
0.23441
0.23441
0.23441
0.23569
0.23441
0.23569
0.23441
0.23569
0.22288
0.23569
0.23441
0.23697
0.23441
0.23697
0.23441
0.23441
0.23441
0.23441
0.23441
0.23441
0.23441
0.23441
0.23313
0.23441
0.23441
0.23441
0.23441
0.23441
0.23441
0.23569
0.23441
0.23441
0.23313
0.23569
0.23441
0.23569
0.23313
0.23441
0.23441
0.23441
0.23441
0.23441
0.23313
0.23441
0.23313
0.23441
0.23441
0.23569
0.23441
0.23441
0.23441
0.23569
0.23441
0.23569
0.23826
0.23313
0.23441
0.23569
0.23441
0.23569
0.23441
0.23313
0.23441
0.23441
0.23441
0.23441
0.23441
0.23441
0.23441
0.23441
0.23441
0.23441
0.23441
0.23569
0.23441
0.23697
0.23569
0.23569
0.23569
0.23697
0.23569
0.23697
0.23569
0.23697
0.23569
0.23697
0.23441
0.23569
0.22417
0.23697
0.23441
0.23569
0.23441
0.23697
0.23569
0.23569
0.23441
0.23441
0.23569
0.23569
0.23569
0.23569
0.23441
0.23569
0.23441
0.23569
0.23697
0.23697
0.23441
0.23569
0.23441
0.23697
0.23569
0.23441
0.23569
0.23441
0.23569
0.23697
0.23569
0.23697
0.23569
0.23697
0.23569
0.23697
0.23697
0.23697
0.23569
0.23697
0.23569
0.23697
0.23697
0.23697
0.23697
0.23569
0.23697
0.23569
0.23697
0.23697
0.23569
0.23826
0.23569
0.23826
0.23697
0.23826
0.23697
0.23697
0.23826
0.23697
0.23697
0.23826
0.23954
0.23954
0.23826
0.23826
0.23826
0.23826
0.23826
0.23826
0.23826
0.23954
0.23697
0.23954
0.23826
0.23826
0.23826
0.23954
0.23826
0.24082
0.22801
0.23954
0.23826
0.23954
0.23954
0.23954
0.23826
0.23826
0.23826
0.23826
0.23826
0.23826
0.23826
0.23954
0.23826
0.23954
0.24082
0.2421
0.23954
0.24082
0.23954
0.24082
0.24082
0.24082
0.24082
0.23954
0.23954
0.24722
0.24082
0.23826
0.24082
0.23954
0.23826
0.23826
0.23826
0.24082
0.23954
0.24082
0.24082
0.24082
0.24594
0.24082
0.23954
0.23954
0.24082
0.24082
0.24082
0.24082
0.2421
0.24594
0.23954
0.23954
0.24082
0.24082
0.23954
0.23954
0.23954
0.24082
0.23954
0.24082
0.23954
0.24082
0.24082
0.23954
0.23954
0.24082
0.24082
0.24082
0.23954
0.2421
0.24082
0.24082
0.23954
0.23826
0.23954
0.24082
0.24082
0.24082
0.23954
0.23954
0.22929
0.24082
0.24082
0.24082
0.23954
0.24082
0.23954
0.24082
0.24082
0.24082
0.23954
0.24082
0.23954
0.24082
0.24082
0.24082
0.23954
0.24082
0.23954
0.24082
0.24082
0.24082
0.24082
0.2421
0.24082
0.23954
0.23954
0.2421
0.24082
0.24082
0.24082
0.24082
0.23954
0.24082
0.24082
0.24082
0.24082
0.23954
0.24082
0.24082
0.2421
0.24082
0.24082
0.24082
0.24082
0.24082
0.24082
0.24082
0.23954
0.24082
0.24082
0.2421
0.24082
0.23954
0.2421
0.2421
0.2421
0.24082
0.24082
0.23954
0.2421
0.23954
0.2421
0.24082
0.2421
0.24082
0.2421
0.2421
0.23954
0.24082
0.24082
0.23954
0.23954
0.24082
0.24082
0.23954
0.24082
0.23954
0.24082
0.23954
0.22801
0.23826
0.24082
0.23954
0.24082
0.23954
0.24082
0.23954
0.24082
0.23954
0.24082
0.23954
0.24082
0.24082
0.24082
0.24082
0.2421
0.24082
0.2421
0.24082
0.2421
0.2421
0.2421
0.24082
0.2421
0.24082
0.2421
0.2421
0.2421
0.2421
0.2421
0.2421
0.2421
0.24082
0.2421
0.24082
0.2421
0.24082
0.24338
0.2421
0.24338
0.2421
0.24338
0.24722
0.2421
0.24082
0.2421
0.24082
0.24082
0.2421
0.24082
0.24082
0.24082
0.2421
0.2421
0.2421
0.2421
0.24082
0.2421
0.24338
0.24082
0.2421
0.24338
0.2421
0.2421
0.24338
0.24082
0.24082
0.24338
0.2421
0.24338
0.24338
0.24082
0.24338
0.24338
0.24338
0.24082
0.2421
0.2421
