0.23567
0.23567
0.23695
0.24335
0.23695
0.23695
0.23695
0.23695
0.23695
0.23567
0.23695
0.23695
0.23695
0.23695
0.23695
0.23567
0.23695
0.23567
0.23823
0.23567
0.23695
0.23567
0.23695
0.23823
0.23823
0.23567
0.23567
0.23823
0.23567
0.23567
0.23695
0.23695
0.23695
0.23695
0.23823
0.23695
0.23695
0.23695
0.23823
0.23695
0.23823
0.23823
0.23695
0.23695
0.23695
0.23823
0.23695
0.23823
0.23695
0.23823
0.23695
0.22926
0.23695
0.23695
0.23823
0.23823
0.23823
0.23823
0.23823
0.23823
0.23951
0.23951
0.23823
