0.23952
0.2408
0.23952
0.2408
0.25233
0.23952
0.23952
0.2408
0.2408
0.2408
0.2408
0.2408
0.2408
0.2408
0.24593
0.24208
0.24721
0.24208
0.2408
0.24208
0.24208
0.2408
0.24208
0.24208
0.2408
0.2408
0.2408
0.2408
0.23952
0.23952
0.23952
0.23952
0.23952
0.23952
0.23952
0.2408
0.23952
0.23952
0.23056
0.23952
0.23952
0.2408
0.24208
0.23952
0.24208
0.2408
0.24208
0.24208
0.2408
0.2408
0.2408
0.2408
0.2408
0.23952
0.2408
0.2408
0.23952
0.24208
0.23952
0.2408
0.23824
0.2408
0.2408
0.23952
0.2408
0.23952
0.23952
0.23952
0.23952
