0.23054
0.22926
0.23182
0.2331
0.23951
0.22926
0.23054
0.23054
0.23182
0.22926
0.23182
0.22798
0.23054
0.22926
0.22926
0.23054
0.22926
0.23054
0.22798
0.23054
0.22926
0.23054
0.22926
0.23054
0.22926
0.23054
0.22926
0.22926
0.22926
0.22798
0.23054
0.22926
0.23054
0.22926
0.23182
0.23054
0.23054
0.23054
0.23182
0.22926
0.22926
0.23182
0.23054
0.23054
0.23054
0.22926
0.23054
0.23182
0.23182
0.23182
0.23182
0.23182
0.23182
0.23182
0.2331
0.2331
0.23182
0.23182
0.23182
0.23182
0.23182
0.2331
0.23182
0.23182
0.23182
0.22926
