0.26642
0.2677
0.26642
0.26898
0.28435
0.27026
0.2677
0.27026
0.2677
0.26642
0.26898
0.27026
0.27026
0.27026
0.27154
0.27154
0.27026
0.27026
0.27154
0.26898
0.27026
0.26898
0.26898
0.26898
0.26898
0.2677
0.26898
0.27026
0.26898
0.27026
0.27026
0.27026
0.27026
0.27026
0.27026
0.27154
0.27154
0.27154
0.27026
0.27026
0.27282
0.27154
0.27282
0.27154
0.27282
0.27154
0.27282
0.27282
0.27154
0.27282
0.27154
0.27282
0.27154
0.27154
0.27154
0.27282
0.27154
0.27282
0.27282
0.27282
0.27154
0.26898
0.27282
0.27411
