0.25361
0.25489
0.25233
0.25873
0.28819
0.2613
0.25873
0.25745
0.25617
0.25745
0.25617
0.25617
0.25489
0.25745
0.25873
0.25745
0.25873
0.25745
0.25873
0.25617
0.25745
0.25745
0.25873
0.25873
0.25873
0.25745
0.26386
0.25873
0.25745
0.25745
0.25617
0.25745
0.25617
0.25617
0.25745
0.25745
0.25617
0.25745
0.25745
0.2613
0.25873
0.26002
0.2613
0.26258
0.26642
0.26514
0.26642
0.26642
0.26642
0.26514
0.26514
0.2677
0.26642
0.26642
0.26642
0.2677
0.26642
0.2677
0.26642
0.26642
0.26514
0.26642
0.26642
0.26514
0.26642
0.26514
