0.637
0.63828
0.637
0.63828
0.637
0.63828
0.63572
0.63957
0.63957
0.63828
0.63572
0.63444
0.63444
0.637
0.63572
0.63444
0.63572
0.63828
0.637
0.637
0.63572
0.63444
0.63572
0.63188
0.63316
0.63316
0.63572
0.63316
0.637
0.63572
0.63444
0.637
0.63316
0.637
0.63444
0.63572
0.63188
0.63572
0.6306
0.63444
0.63316
0.63316
0.63188
0.63316
0.63316
0.63444
0.62419
0.63188
0.63188
0.63316
0.63188
0.63444
0.63188
0.63188
0.6306
0.63316
0.63188
0.63188
0.63572
0.637
0.63957
0.64085
0.64341
0.64597
0.64725
0.64853
0.64597
0.64725
0.64725
0.64853
0.64981
0.64725
0.64853
0.64853
0.64469
0.64597
0.64597
0.64725
0.64597
0.64853
0.64341
0.64725
0.64597
0.64597
0.64597
0.64213
0.64469
0.64469
0.64341
0.64469
0.64469
0.64853
0.64469
0.64469
0.64469
0.64469
0.64213
0.64469
0.64341
0.64341
0.64469
0.64725
0.64213
0.64725
0.64469
0.64469
0.64597
0.64597
0.64597
0.64853
0.64725
0.64853
0.64597
0.64725
0.64341
0.64725
0.64853
0.65109
0.64981
0.65238
0.62291
0.61651
0.61651
0.61523
0.62035
0.61651
0.59985
0.6101
0.6101
0.60754
0.6037
0.60113
0.59729
0.59473
0.59729
0.59473
0.59345
0.59217
0.59089
0.59473
0.59217
0.59345
0.59345
0.58961
0.59217
0.59089
0.59473
0.59217
0.58961
0.58961
0.59217
0.58832
0.59345
0.58832
0.59345
0.58961
0.59217
0.58961
0.59089
0.59217
0.59217
0.59089
0.58961
0.58961
0.58961
0.58961
0.58961
0.59089
0.59473
0.59217
0.59217
0.59217
0.59601
0.59089
0.59345
0.59473
0.60242
0.60754
0.61267
0.61138
0.61395
0.6101
0.61267
0.60754
0.60626
0.6037
0.6037
0.60626
0.60242
0.59985
0.59217
0.59217
0.58832
0.58576
0.58448
0.58448
0.58192
0.58064
0.58192
0.58192
0.58064
0.58192
0.57936
0.5832
0.58064
0.5832
0.57423
0.57936
0.57936
0.57808
0.58064
0.57551
0.57808
0.57808
0.57551
0.5768
0.5768
0.57551
0.57423
0.57295
0.57423
0.57167
0.57167
0.57423
0.57167
0.57423
0.57295
0.57423
0.57423
0.57423
0.57039
0.57295
0.57423
0.57295
0.57423
0.57167
0.57295
0.57295
0.57039
0.57423
0.57167
0.57295
0.57167
0.57295
0.57039
0.57167
0.57295
0.57295
0.56911
0.56911
0.57039
0.57423
0.56911
0.56783
0.56911
0.56911
0.56783
0.57167
0.56655
0.56911
0.56783
0.56783
0.56655
0.56655
0.56527
0.56655
0.56527
0.56783
0.56527
0.56783
0.56527
0.56911
0.56655
0.56399
0.56399
0.56783
0.56399
0.56655
0.56399
0.56271
0.56271
0.56911
0.56655
0.56911
0.56527
0.56142
0.55118
0.56527
0.56399
0.56783
0.56783
0.56655
0.56783
0.56655
0.56655
0.56911
0.56527
0.56783
0.56527
0.57039
0.56655
0.56783
0.56783
0.56911
0.56783
0.56655
0.56527
0.56783
0.56783
0.56783
0.56655
0.56911
0.56655
0.56655
0.56911
0.56911
0.57039
0.56783
0.56655
0.56527
0.56783
0.57039
0.56783
0.57039
0.56783
0.56911
0.57039
0.57295
0.56911
0.57039
0.56911
0.56911
0.56783
0.56911
0.56911
0.56911
0.56655
0.56655
0.56527
0.56655
0.56527
0.56783
0.56911
0.57039
0.56655
0.57167
0.56911
0.56911
0.56911
0.57039
0.56783
0.56911
0.56911
0.57039
0.57167
0.57423
0.57423
0.57423
0.57295
0.5768
0.57423
0.57936
0.58192
0.58064
0.58064
0.58064
0.57039
0.58192
0.58448
0.5832
0.58192
0.57936
0.58064
0.57808
0.58192
0.57936
0.58192
0.58064
0.58192
0.58064
0.58192
0.58064
0.58064
0.58192
0.57808
0.58192
0.58192
0.57936
0.58064
0.58192
0.5832
0.58192
0.5832
0.58192
0.58192
0.57936
0.58192
0.58064
0.58064
0.57936
0.57936
0.58064
0.58192
0.58192
0.58192
0.57808
0.5768
0.57936
0.58064
0.57936
0.57936
0.5768
0.5768
0.57808
0.57936
0.57808
0.58064
0.5768
0.57936
0.57808
0.57936
0.57936
0.58064
0.57808
0.5768
0.57936
0.57808
0.57936
0.57551
0.5768
0.57808
0.57808
0.57936
0.5768
0.57936
0.5768
0.5768
0.5832
0.57936
0.57551
0.5768
0.57808
0.57551
0.5768
0.57808
0.57551
0.56527
0.57551
0.5768
0.57551
0.57295
0.5768
0.57808
0.57423
0.5768
0.57936
0.57936
0.57936
0.57936
0.5768
0.58192
0.57808
0.5832
0.5832
0.5832
0.58192
0.58448
0.58192
0.58448
0.58192
0.58192
0.58064
0.57808
0.58064
0.57936
0.5768
0.58064
0.58064
0.58064
0.58064
0.58064
0.57808
0.57808
0.5768
0.57808
0.57551
0.57167
0.57295
0.57551
0.57167
0.57423
0.57423
0.57295
0.57167
0.57551
0.57295
0.5768
0.5768
0.5768
0.57808
0.57936
0.5832
0.58961
0.58961
0.60242
0.60498
0.60882
0.60626
0.60754
0.60626
0.61138
0.60754
0.60498
0.6037
0.60498
0.6037
0.6037
0.60882
0.61395
0.61779
0.61651
0.61523
0.61651
0.61523
0.61779
0.61138
0.60498
0.61267
0.61138
0.61138
0.61138
0.61267
0.61779
0.62291
0.62291
0.62548
0.62548
0.62163
0.62035
0.61779
0.62035
0.62163
0.61907
0.61907
0.61779
0.61523
0.61779
0.61523
0.61651
0.61779
0.61523
0.61267
0.61395
0.61138
0.61395
0.61267
0.61523
0.61267
0.61267
0.61138
0.61395
0.60882
0.60754
0.60882
0.60882
0.60754
0.60882
0.60626
0.60754
0.6037
0.60626
0.60242
0.60498
0.60498
0.60498
0.60113
0.6037
0.60242
0.6037
0.60882
0.60754
0.61395
0.61523
0.61907
0.62163
0.62035
0.62163
0.62163
0.62419
0.62804
0.63444
0.63444
0.637
0.64213
0.63957
0.63828
0.64085
0.63572
0.63572
0.63316
0.63188
0.6306
0.6306
0.62676
0.62676
0.62548
0.61651
0.62804
0.62676
0.62291
0.62548
0.62035
0.61907
0.61907
0.61907
0.61523
0.61907
0.61907
0.61907
0.61779
0.61523
0.61523
0.61651
0.61523
0.61267
0.61267
0.6101
0.60754
0.60882
0.60754
0.60754
0.60882
0.60754
0.60754
0.6101
0.60498
0.60754
0.60498
0.60242
0.60242
0.60242
0.60242
0.59857
0.59729
0.59601
0.59729
0.59345
0.59089
0.58961
0.59217
0.59217
0.58961
0.58832
0.59089
0.58961
0.58961
0.58961
0.59601
0.58961
0.58832
0.59217
0.58832
0.59473
0.58704
0.58961
0.5832
0.58576
0.58576
0.58704
0.5832
0.58576
0.58576
0.5832
0.58576
0.58704
0.58448
0.58832
0.58704
0.58832
0.58832
0.58832
0.5832
0.58832
0.58448
0.58448
0.5832
0.57039
0.58192
0.58448
0.58064
0.5832
0.58192
0.58064
0.57936
0.58192
0.58192
0.5768
0.58064
0.5832
0.57808
0.58192
0.57808
0.57936
0.5768
0.57936
0.57808
0.58192
0.58064
0.57936
0.57936
0.57936
0.5832
0.58064
0.57808
0.57808
0.5768
0.57936
0.58064
0.57936
0.57808
0.58064
0.57808
0.58064
0.57936
0.57936
0.5768
0.57936
0.57936
0.5768
0.5832
0.58192
0.58192
0.5832
0.5832
0.58064
0.58192
0.58192
0.58192
0.58192
0.58192
0.58064
0.58192
0.57936
0.58576
0.5832
0.58448
0.58192
0.57936
0.5832
0.58192
0.5832
0.5832
0.5832
0.58576
0.58448
0.58832
0.5832
0.58448
0.58448
0.5832
0.5832
0.58576
0.58576
0.58704
0.58576
0.58704
0.57295
0.58832
0.58448
0.58704
0.58064
0.5832
0.58064
0.58961
0.58448
0.58448
0.5832
0.58192
0.58192
0.58064
0.58064
0.58576
0.58064
0.58448
0.58064
0.5832
0.58064
0.5832
0.58064
0.58192
0.57936
0.57936
0.57808
0.58064
0.5832
0.58448
0.58832
0.59345
0.59473
0.59729
0.59857
0.59601
0.59985
0.59473
0.59473
0.59217
0.59217
0.58832
0.58832
0.58704
0.58704
0.58704
0.58704
0.58448
0.58576
0.58448
0.5832
0.5832
0.5832
0.5832
0.58576
0.5832
0.5832
0.58064
0.58192
0.58192
0.5832
0.5832
0.58192
0.5832
0.58704
0.58448
0.58448
0.58192
0.5832
0.58192
0.5832
0.58064
0.5832
0.58064
0.58192
0.58064
0.57808
0.57808
0.5832
0.57808
0.56911
0.57808
0.57808
0.57936
0.5768
0.57808
0.57936
0.58064
0.57551
0.57936
0.57808
0.57808
0.58064
0.57808
0.57808
0.57808
0.57808
0.57936
0.57808
0.57936
0.57808
0.57936
0.57808
0.57808
0.58448
0.58448
0.58576
0.58704
0.58961
0.59345
0.59217
0.59601
0.59345
0.59473
0.59601
0.59217
0.59473
0.59729
0.59601
0.59857
0.59729
0.59345
0.59729
0.59857
0.59601
0.59857
0.59729
0.59729
0.59985
0.59345
0.59473
0.59729
0.59985
0.59729
0.59857
0.59601
0.59729
0.59473
0.59857
0.59601
0.59729
0.59729
0.59985
0.59601
0.59729
0.59473
0.59729
0.59473
0.59473
0.59601
0.59729
0.59601
0.59857
0.59601
0.59857
0.59473
0.59985
0.59345
0.59985
0.59601
0.58704
0.59473
0.59857
0.59217
0.59473
0.59089
0.59473
0.59345
0.59473
0.59345
0.59473
0.59729
0.59729
0.59729
0.59985
0.6037
0.6037
0.61267
0.61523
0.61651
0.61523
0.61395
0.61523
0.61395
0.61138
0.6101
0.6037
0.60882
0.60498
0.60754
0.6037
0.6037
0.60113
0.6037
0.60113
