22.948
22.918
22.958
23.009
23.087
23.125
23.134
23.128
23.118
23.086
23.064
23.025
22.979
22.968
22.961
22.976
23.224
23.639
24.176
24.696
25.197
25.699
26.164
26.069
25.628
25.436
24.97
24.602
24.467
24.218
24.102
24.022
23.904
23.855
23.793
23.746
23.705
23.68
23.653
23.625
23.58
23.554
23.526
23.47
23.453
23.451
23.519
23.594
23.631
23.64
23.624
23.584
23.537
23.498
23.503
23.54
23.581
23.593
23.585
23.552
23.519
23.478
23.46
23.43
23.394
23.362
23.341
23.327
23.302
23.283
23.264
23.243
23.237
23.219
23.198
23.178
23.177
23.148
23.129
23.116
23.093
23.065
23.054
23.059
23.051
23.028
22.989
22.975
22.957
22.941
22.914
22.889
22.866
22.845
22.874
22.849
22.829
22.82
22.821
22.804
22.798
22.789
22.795
22.779
22.775
22.748
22.745
22.734
22.707
22.716
22.702
22.676
22.676
22.642
22.635
22.617
22.617
22.592
22.601
22.611
22.665
22.693
22.717
22.724
22.725
22.694
22.687
22.646
22.62
22.589
22.578
22.558
22.544
22.525
22.507
22.473
22.473
22.464
22.472
22.447
22.456
22.447
22.424
22.411
22.404
22.396
22.395
22.388
22.373
22.345
22.344
22.335
22.326
22.315
22.31
22.289
22.301
22.324
22.428
22.528
22.583
22.604
22.607
22.579
22.574
22.801
23.151
23.669
24.176
24.694
25.007
24.835
24.538
24.217
24.005
23.766
23.6
23.503
23.366
23.287
23.223
23.179
23.137
23.095
23.073
23.045
23.01
22.962
22.952
22.914
22.921
23.127
23.537
24.1
24.543
24.77
24.723
24.511
24.256
24.022
23.801
23.627
23.524
23.452
23.494
23.572
23.697
23.733
23.717
23.645
23.576
23.484
23.393
23.31
23.277
23.237
23.191
23.14
23.109
23.091
23.079
23.083
23.141
23.227
23.294
23.298
23.262
23.213
23.175
23.109
23.05
23.017
22.973
22.949
22.926
22.917
22.895
22.863
22.845
22.839
22.811
22.783
22.757
22.751
22.747
22.724
22.735
22.73
22.713
22.704
22.683
22.679
22.646
22.644
22.644
22.625
22.606
22.597
22.561
22.54
22.507
22.501
22.487
22.493
22.468
22.452
22.432
22.433
22.451
22.492
22.527
22.616
22.802
23.042
23.358
23.478
23.513
23.557
23.475
23.693
24.155
24.696
25.197
25.697
26.199
26.452
26.101
26.017
26.199
26.381
26.49
26.473
26.279
25.868
25.478
25.027
24.698
24.481
24.233
24.068
23.982
23.827
23.763
23.719
23.644
23.595
23.552
23.52
23.458
23.415
23.385
23.361
23.328
23.296
23.274
23.239
23.218
23.192
23.177
23.155
23.119
23.093
23.075
23.04
23.018
23.058
23.273
23.62
24.15
24.639
24.919
24.855
24.677
24.41
24.221
24.037
23.835
23.754
23.667
23.607
23.572
23.686
23.918
24.193
24.351
24.356
24.318
24.173
24.023
23.881
23.782
23.694
23.672
23.622
23.577
23.541
23.563
23.699
23.897
23.986
24.027
24.164
24.616
25.186
25.697
26.199
26.572
26.444
26.009
25.49
25.087
25.419
26.167
26.7
27.201
27.681
27.643
27.097
26.939
26.436
25.936
25.435
24.935
24.488
24.299
24.191
24.113
24.041
23.972
23.914
23.903
23.883
23.912
24.209
24.658
25.17
25.541
25.602
25.383
25.1
24.938
24.527
24.347
24.219
24.135
24.036
23.974
23.95
23.89
23.831
23.828
23.801
23.769
23.76
23.773
23.759
23.721
23.685
23.67
23.667
23.643
23.636
23.591
23.567
23.558
23.557
23.549
23.505
23.483
23.49
23.46
23.447
23.434
23.461
23.533
23.647
23.713
23.749
23.789
23.882
23.94
23.973
23.972
23.957
23.897
23.84
23.779
23.726
23.708
23.693
23.683
23.733
23.97
24.173
24.696
25.197
25.697
26.037
25.825
25.532
25.191
24.97
24.691
24.543
24.39
24.296
24.236
24.166
24.117
24.058
24.041
23.974
23.958
23.942
23.915
23.887
23.868
23.85
23.836
23.793
23.798
23.791
23.828
23.892
23.98
24.026
24.051
24.041
24.008
23.963
23.928
23.886
23.857
23.828
23.844
23.83
23.812
23.772
23.753
23.722
23.726
23.705
23.707
23.711
23.687
23.662
23.638
23.64
23.655
23.746
23.889
24
24.031
24.029
24.001
23.922
23.876
23.782
23.748
23.7
23.681
23.657
23.657
23.644
23.671
23.734
23.785
23.833
23.823
23.79
23.735
23.709
23.664
23.626
23.657
23.79
24.023
24.231
24.313
24.319
24.264
24.208
24.114
24.028
23.971
23.915
23.849
23.83
23.773
23.741
23.726
23.7
23.672
23.653
23.639
23.614
23.62
23.609
23.598
23.584
23.584
23.59
23.611
23.712
23.908
24.11
24.224
24.255
24.195
24.11
24.019
23.939
23.869
23.833
23.813
23.755
23.707
23.667
23.65
23.626
23.634
23.6
23.614
23.576
23.561
23.543
23.521
23.501
23.51
23.474
23.478
23.447
23.43
23.406
23.423
23.411
23.396
23.37
23.369
23.364
23.352
23.334
23.348
23.332
23.329
23.312
23.321
23.303
23.294
23.27
23.273
23.266
23.256
23.256
23.246
23.257
23.297
23.332
23.388
23.411
23.408
23.398
23.375
23.357
23.33
23.324
23.288
23.28
23.247
23.242
23.246
23.234
23.22
23.216
23.198
23.21
23.191
23.177
23.163
23.157
23.145
23.122
23.118
23.1
23.092
23.078
23.091
23.087
23.073
23.069
23.073
23.067
23.055
23.046
23.075
23.083
23.05
23.018
22.996
22.981
22.981
22.971
22.968
22.971
22.959
22.981
22.949
22.932
22.947
22.923
22.926
22.9
22.898
22.88
22.874
22.894
22.888
22.881
22.897
22.885
22.859
22.845
22.831
22.817
22.809
22.807
22.788
22.785
22.786
22.77
22.783
22.77
22.756
22.734
22.736
22.731
22.74
22.751
22.73
22.731
22.72
22.733
22.712
22.716
22.702
22.721
22.698
22.697
22.69
22.697
22.702
22.719
22.712
22.704
22.694
22.71
22.683
22.672
22.661
22.658
22.644
22.64
22.63
22.652
22.64
22.649
22.651
22.665
22.658
22.654
22.64
22.654
22.64
22.621
22.656
22.653
22.642
22.64
22.658
22.637
22.634
22.626
22.622
22.606
22.59
22.578
22.561
22.575
22.562
22.553
22.552
22.548
22.551
22.547
22.543
22.537
22.532
22.539
22.511
22.491
22.481
22.464
22.461
22.456
22.444
22.432
22.447
22.444
22.426
22.406
22.405
22.395
22.406
22.408
22.387
22.39
22.382
22.427
22.449
22.445
22.456
22.446
22.459
22.435
22.431
22.401
22.387
22.373
22.363
22.354
22.346
22.335
22.323
22.315
22.331
22.324
22.305
22.296
22.314
22.29
22.297
22.273
22.269
22.254
22.251
22.253
22.255
22.245
22.239
22.23
22.209
22.213
22.187
22.166
22.183
22.176
22.163
22.146
22.171
22.153
22.146
22.131
22.151
22.137
22.127
22.116
22.116
22.108
22.1
22.118
22.127
22.14
22.14
22.131
22.139
22.144
22.118
22.122
22.113
22.107
22.11
22.087
22.087
22.098
22.095
22.096
22.087
22.078
22.061
22.069
22.049
22.071
22.059
22.071
22.055
22.075
22.073
22.053
22.035
22.029
22.036
22.026
22.012
21.964
21.967
21.966
21.959
21.971
21.955
21.95
21.952
21.934
21.934
21.921
21.917
21.911
21.913
21.909
21.903
21.898
21.907
21.902
21.894
21.888
21.897
21.889
21.891
21.889
21.89
21.885
21.885
21.876
21.882
21.902
21.914
21.909
21.909
21.909
21.893
21.881
21.87
21.852
21.849
21.839
21.833
21.827
21.829
21.813
21.821
21.804
21.825
21.806
21.806
21.793
21.799
21.781
21.788
21.774
21.742
21.747
21.729
21.706
21.71
21.708
21.715
21.706
21.694
21.694
21.684
21.662
21.685
21.663
21.678
21.648
21.662
21.648
21.64
21.639
21.634
21.64
21.639
21.629
21.621
21.605
21.601
21.605
21.601
21.596
21.574
21.549
21.553
21.571
21.602
21.625
21.628
21.642
21.695
21.738
21.733
21.768
21.751
