0.30355
0.29586
0.36759
0.47005
0.37527
0.32532
0.31635
0.30995
0.30483
0.29842
0.29714
0.29842
0.29842
0.2997
0.30099
0.2997
0.29842
0.29842
0.29586
0.29842
0.29714
0.29842
0.29586
0.29842
0.29714
0.29714
0.29842
0.29842
0.40345
0.40217
0.40473
0.40217
0.40217
0.40089
0.39961
0.39961
0.39961
0.39833
0.39833
0.40089
0.39833
0.39961
0.39704
0.39833
0.39704
0.39704
0.39704
0.39576
0.39704
0.39576
0.39704
0.39704
0.38808
0.39448
0.39576
0.39448
0.39448
0.3932
0.38296
0.39448
0.40601
0.41241
0.42138
0.43291
