0.38808
0.38808
0.40217
0.39192
0.40857
0.32788
0.31892
0.31379
0.31379
0.31892
0.31251
0.31123
0.30995
0.37655
0.40345
0.40217
0.40345
0.40345
0.40217
0.40089
0.40217
0.40217
0.39961
0.40217
0.39961
0.39961
0.39961
0.39833
0.39833
0.39961
0.39961
0.39833
0.39833
0.39704
0.39704
0.39704
0.39704
0.39704
0.39704
0.39833
0.39576
0.39704
0.3932
0.39576
0.3932
0.39448
0.39448
0.39576
0.39576
0.3932
0.39448
0.3932
0.39576
0.3932
0.39576
0.3932
0.3932
0.39448
0.39576
0.39576
0.3868
0.39704
0.39961
0.39961
0.39833
0.39448
0.39961
