0.29615
0.29615
0.37428
0.58434
0.33073
0.31536
0.31152
0.30767
0.30767
0.30639
0.30511
0.30639
0.30511
0.30767
0.30639
0.30383
0.30127
0.30383
0.30383
0.30127
0.30255
0.30127
0.30127
0.29999
0.30255
0.30127
0.29999
0.30127
0.29743
0.29743
0.29743
0.29743
0.29743
0.29999
0.29871
0.29743
0.29743
0.29615
0.29743
0.29743
0.29615
0.29871
0.29487
0.29487
0.29487
0.29743
0.29359
0.29615
0.29359
0.2923
0.29615
0.29359
0.2923
0.28206
0.29359
0.29487
0.2923
0.28974
0.28974
0.28718
0.28846
0.28974
0.29102
0.29102
0.28846
