0.23467
0.23595
0.23467
0.29999
0.46522
0.27437
0.25516
0.24747
0.24363
0.24363
0.24107
0.23979
0.24107
0.24107
0.24107
0.24235
0.24491
0.24876
0.2526
0.25772
0.259
0.25772
0.259
0.25772
0.259
0.25644
0.26028
0.2526
0.2526
0.25388
0.25516
0.2526
0.2526
0.24107
0.2526
0.25132
0.25388
0.25132
0.25004
0.24876
0.25004
0.25132
0.25004
0.25004
0.25132
0.25132
0.25004
0.25388
0.25388
0.24876
0.25004
0.25004
0.25004
0.24747
0.25004
0.24876
0.24619
0.25004
0.24747
0.24619
0.24747
0.24876
0.24619
0.24619
0.24876
