0.27925
0.27797
0.27668
0.27797
0.27797
0.27797
0.27925
0.27797
0.27925
0.27797
0.27797
0.27797
0.27925
0.27797
0.27797
0.27668
0.27797
0.27668
0.27925
0.27668
0.27925
0.27925
0.27925
0.27797
0.27925
0.27668
0.27925
0.27797
0.27925
0.27925
0.27797
0.27925
0.27925
0.27925
0.28053
0.28181
0.27925
0.28053
0.269
0.28053
0.27925
0.28053
0.27925
0.28053
0.27925
0.28053
0.27925
0.27797
0.27925
0.28053
0.27925
0.28053
0.27925
0.28053
0.27925
0.28053
0.27925
0.28181
0.27925
0.28053
0.28053
0.27925
0.28053
0.28053
0.27925
0.28181
0.28053
0.28053
0.28053
0.27797
0.28053
0.28053
0.28181
0.28053
0.28181
0.27925
0.28181
0.28181
0.28181
0.28053
0.28053
0.28181
0.28053
0.28053
0.28181
0.28181
0.28181
0.28053
0.28309
0.28181
0.28309
0.28053
0.28309
0.28181
0.28309
0.28309
0.28309
0.28181
0.28053
0.28437
0.28309
0.28309
0.28309
0.28309
0.28181
0.28309
0.28181
0.28309
0.28181
0.28181
0.28309
0.28437
0.28309
0.28437
0.28309
0.28437
0.28437
0.28309
0.27284
0.28437
0.28437
0.28437
0.28309
0.28309
0.28309
0.28309
0.28309
0.28437
0.28565
0.28309
0.28309
0.28437
0.28565
0.28437
0.28309
0.28437
0.28437
0.28437
0.28565
0.28437
0.28309
0.28437
0.28565
0.28437
0.28565
0.28437
0.28309
0.28565
0.28437
0.28437
0.28565
0.28437
0.28437
0.28565
0.28565
0.28693
0.28437
0.28437
0.28437
0.28565
0.28565
0.28437
0.28437
0.28565
0.28565
0.28565
0.28565
0.28565
0.28437
0.28565
0.28565
0.28565
0.28437
0.28565
0.28437
0.28565
0.28565
0.28693
0.28437
0.28693
0.28565
0.28565
0.28565
0.28693
0.28565
0.28693
0.28693
0.28565
0.28565
0.28693
0.28565
0.28437
0.28693
0.28565
0.28437
0.28565
0.28693
0.28693
0.27668
0.28565
0.28693
0.28565
0.28821
0.28693
0.28821
0.28693
0.28821
0.28693
0.28821
0.28693
0.28821
0.28693
0.28821
0.28821
0.28693
0.28693
0.28821
0.28693
0.28565
0.28949
0.28693
0.28821
0.28821
0.28565
0.28821
0.28693
0.28821
0.28693
0.28821
0.28693
0.28949
0.28821
0.28949
0.28949
0.28821
0.28821
0.28693
0.28821
0.28821
0.28821
0.28949
0.28949
0.28949
0.28821
0.28949
0.28949
0.28821
0.28949
0.28821
0.28949
0.28949
0.28949
0.28821
0.28949
0.28821
0.28949
0.28949
0.28949
0.28949
0.28949
0.28821
0.29078
0.29078
0.29078
0.28949
0.29078
0.28949
0.29078
0.29206
0.29206
0.28949
0.29206
0.28949
0.29078
0.29078
0.29206
0.29078
0.28949
0.27925
0.29206
0.29078
0.29206
0.29078
0.29078
0.29078
0.29206
0.29078
0.28949
0.29078
0.29078
0.28949
0.29078
0.28949
0.28949
0.29206
0.28949
0.29206
0.29206
0.29718
0.29078
0.29078
0.29078
0.29078
0.29206
0.29078
0.29206
0.29334
0.29206
0.29206
0.29206
0.29206
0.29206
0.29334
0.29206
0.29206
0.29206
0.29334
0.29462
0.29462
0.29334
0.29462
0.29206
0.29206
0.29206
0.29334
0.29334
0.29462
0.29206
0.29334
0.29206
0.29462
0.29334
0.29334
0.29334
0.29334
0.29334
0.29334
0.29462
0.29462
0.29334
0.29462
0.29334
0.29462
0.29334
0.29334
0.29462
0.29462
0.29334
0.29462
0.29462
0.2959
0.29462
0.2959
0.29462
0.2959
0.29462
0.29334
0.29462
0.28309
0.29462
0.2959
0.29462
0.29718
0.2959
0.2959
0.29462
0.2959
0.29462
0.29462
0.2959
0.2959
0.29462
0.2959
0.29462
0.2959
0.2959
0.29462
0.29462
0.2959
0.29462
0.29462
0.2959
0.2959
0.29462
0.2959
0.29718
0.2959
0.29462
0.29462
0.2959
0.2959
0.29718
0.29462
0.29718
0.29718
0.29718
0.29462
0.29718
0.29462
0.2959
0.29718
0.29718
0.2959
0.29718
0.2959
0.29846
0.29718
0.29846
0.29718
0.2959
0.29718
0.29846
0.29718
0.29846
0.29718
0.29718
0.29718
0.29846
0.29846
0.29718
0.2959
0.29718
0.29718
0.29718
0.29846
0.29846
0.29718
0.29974
0.29718
0.29974
0.29718
0.29974
0.29846
0.29846
0.29846
0.29974
0.29846
0.29846
0.28693
0.29718
0.29846
0.29846
0.29846
0.29846
0.29846
0.29846
0.29846
0.29718
0.29846
0.29718
0.29846
0.29974
0.29846
0.29846
0.29846
0.29974
0.29846
0.29846
0.29846
0.29974
0.29846
0.29974
0.29974
0.29974
0.29846
0.29974
0.29974
0.29974
0.29846
0.29846
0.29974
0.29974
0.29974
0.30102
0.29974
0.29974
0.29846
0.30102
0.29974
0.30102
0.29974
0.29974
0.29974
0.30102
0.30102
0.30102
0.29974
0.29846
0.29974
0.30102
0.30102
0.30102
0.30102
0.30102
0.29974
0.3023
0.29974
0.30102
0.29974
0.29974
0.30102
0.3023
0.30102
0.3023
0.3023
0.3023
0.3023
0.3023
0.3023
0.3023
0.3023
0.3023
0.30102
0.30358
0.3023
0.30358
0.3023
0.30358
0.29334
0.30358
0.3023
0.30358
0.3023
0.30358
0.3023
0.30358
0.3023
0.30358
0.30358
0.30102
0.30358
0.30102
0.30358
0.30102
0.3023
0.30358
0.30358
0.30102
0.3023
0.3023
0.3023
0.3023
0.3023
0.3023
0.3023
0.30358
0.30358
0.3023
0.30358
0.3023
0.30358
0.3023
0.30358
0.3023
0.30358
0.3023
0.30358
0.3023
0.30358
0.3023
0.30102
0.30358
0.30102
0.30358
0.30102
0.30358
0.30358
0.30486
0.30486
0.30486
0.30358
0.30358
0.30486
0.30486
0.30486
0.30358
0.30358
0.30486
0.30358
0.30358
0.30486
0.30615
0.30486
0.30358
0.30486
0.30486
0.30486
0.30486
0.30486
0.30358
0.30486
0.30615
0.30486
0.30486
0.30615
0.30615
0.30615
0.30486
0.2959
0.30615
0.30743
0.30615
0.30743
0.30615
0.30743
0.30743
0.30743
0.30615
0.30615
0.30486
0.30615
0.30743
0.30743
0.30743
0.30871
0.30743
0.30871
0.30743
0.30871
0.30743
0.30743
0.30615
0.30743
0.30743
0.30615
0.30743
0.30871
0.30871
0.30999
0.30743
0.30871
0.30871
0.30871
0.30999
0.30999
0.30871
0.30871
0.30743
0.30871
0.30743
0.30871
0.30615
0.30615
0.30615
0.30871
0.30743
0.30615
0.30743
0.30871
0.30743
0.30743
0.30871
0.30743
0.30871
0.30743
0.30743
0.30743
0.30743
0.30871
0.30999
0.30743
0.31511
0.30743
0.30743
0.30871
0.30871
0.30871
0.30871
0.30871
0.30999
0.30999
0.31127
0.30999
0.31127
0.30999
0.30871
0.30871
0.31127
0.29974
0.31127
0.30999
0.30743
0.30999
0.30999
0.30999
0.30871
0.30999
0.31127
0.31255
0.31127
0.31255
0.31127
0.31255
0.31255
0.31127
0.31255
0.31383
0.31255
0.31383
0.31255
0.31511
0.31511
0.31383
0.31383
0.31511
0.31383
0.31383
0.31255
0.31383
0.31383
0.31383
0.31511
0.31383
0.31255
0.31383
0.31511
0.31383
0.31511
0.31255
0.31511
0.31383
0.31511
0.31511
0.31511
0.31383
0.31639
0.31511
0.31511
0.31511
0.31383
0.31383
0.31511
0.31639
0.31383
0.31383
0.31511
0.31639
0.31383
0.31511
0.31511
0.31383
0.31511
0.31511
0.31511
0.31639
0.31511
0.31639
0.31511
0.31511
0.31639
0.31639
0.31511
0.31767
0.31511
0.31767
0.31639
0.31767
0.31639
0.30615
0.31767
0.32408
0.31767
0.31639
0.31639
0.31383
0.31511
0.31383
0.31511
0.31511
0.31511
0.31511
0.31639
0.31511
0.31639
0.31639
0.31511
0.31639
0.31639
0.31511
0.31639
0.31639
0.31639
0.31639
0.31639
0.31511
0.31383
0.31511
0.31383
0.31639
0.31511
0.31639
0.31511
0.31639
0.31639
0.31767
0.31511
0.31639
0.31511
0.31639
0.31511
0.31511
0.31383
0.31511
0.31511
0.31511
0.31511
0.31639
0.31511
0.31511
0.31639
0.31639
0.31511
0.31383
0.31639
0.31511
0.31511
0.31511
0.31383
0.31511
0.31511
0.31511
0.31639
0.31511
0.31639
0.31511
0.31639
0.31511
0.31767
0.31639
0.31639
0.31511
0.31639
0.31639
0.31383
0.31639
0.31511
0.31639
0.31511
0.30615
0.31639
0.31767
0.31511
0.31639
0.31511
0.31639
0.31383
0.31511
0.31639
0.31767
0.31639
0.31639
0.31639
0.31639
0.31639
0.31767
0.31639
0.31767
0.31639
0.31767
0.31767
0.31895
0.31639
0.31895
0.31767
0.31767
0.31895
0.31895
0.31895
0.31895
0.31767
0.31895
0.31895
0.31767
0.31895
0.31767
0.31895
0.31767
0.32024
0.31767
0.32024
0.32024
0.31895
0.32024
0.31767
0.31895
0.31895
0.31895
0.31767
0.31895
0.31895
0.32024
0.31895
0.32024
0.31767
0.31767
0.31895
0.31895
0.31895
0.32024
0.31895
0.31895
0.32024
0.32024
0.32024
0.32152
0.31895
0.32152
0.32024
0.32152
0.32024
0.32152
0.32024
0.32152
0.32152
0.3228
0.32024
0.32024
0.32152
0.31127
0.32152
0.3228
0.32152
0.3228
0.32152
0.3228
0.32152
0.3228
0.32664
0.3228
0.32152
0.3228
0.32152
0.3228
0.32152
0.32152
0.3228
0.32024
0.32152
0.32024
0.32152
0.32024
0.32152
0.32024
0.32152
0.32024
0.3228
0.32152
0.32152
0.32152
0.32024
0.32152
0.32152
0.32152
0.3228
0.3228
0.32152
0.32152
0.3228
0.32152
0.3228
0.32024
